15 0 0 0 16.7033
15 0 0 1 15.1181
15 0 0 2 15.8336
15 0 0 3 18.0955
15 0 0 4 14.2145
15 0 0 5 15.2385
15 0 0 6 17.0215
15 0 0 7 19.956
15 0 0 8 15.3725
15 0 0 9 14.9019
15 0 0 10 10.0798
15 0 0 11 9.75402
15 0 0 12 11.5954
15 0 0 13 7.88754
15 0 0 14 11.4203
15 0 0 15 11.5267
15 0 0 16 10.0997
15 0 0 17 12.1521
15 0 0 18 9.8885
15 0 0 19 7.72176
15 0 0 20 0
15 0 0 21 0
15 0 0 22 8.38994
15 0 0 23 10.5369
15 0 0 24 13.5055
15 0 0 25 16.3679
15 0 0 26 0
15 0 0 27 0
15 0 0 28 0
15 0 0 29 7.75412
15 0 0 30 0
15 0 0 31 9.31481
15 0 0 32 13.9872
15 0 0 33 14.9918
15 0 0 34 9.42634
15 0 0 35 16.6162
15 0 0 36 14.2219
15 0 0 37 8.73033
15 0 0 38 8.1537
15 0 0 39 0
15 0 0 40 11.4483
15 0 0 41 14.2495
15 0 0 42 13.6543
15 0 0 43 12.9575
15 0 0 44 7.80972
15 0 0 45 14.1235
15 0 0 46 12.7816
15 0 0 47 11.8067
15 0 0 48 10.3633
15 0 0 49 10.5831
15 0 0 50 13.1779
15 0 0 51 12.0426
15 0 0 52 13.9322
15 0 0 53 14.1799
15 0 0 54 0
15 0 0 55 6.97679
15 0 0 56 10.0428
15 0 0 57 14.709
15 0 0 58 12.7709
15 0 0 59 14.4989
15 0 0 60 13.8967
15 0 0 61 12.0281
15 0 0 62 12.2035
15 0 0 63 13.6819
15 0 0 64 15.4579
15 0 0 65 15.2001
15 0 0 66 16.0309
15 0 0 67 16.2102
15 0 0 68 14.7073
15 0 0 69 14.2893
15 0 0 70 16.2926
15 0 0 71 14.0918
15 0 0 72 13.8332
15 0 0 73 15.4243
15 0 0 74 14.8547
15 0 0 75 15.8015
15 0 0 76 12.6564
15 0 0 77 12.6812
15 0 0 78 0
15 0 0 79 11.9844
15 0 1 0 12.8621
15 0 1 1 16.1768
15 0 1 2 15.5587
15 0 1 3 15.9674
15 0 1 4 18.904
15 0 1 5 16.7969
15 0 1 6 14.213
15 0 1 7 16.6651
15 0 1 8 17.3828
15 0 1 9 15.0087
15 0 1 10 13.1293
15 0 1 11 17.3587
15 0 1 12 15.2501
15 0 1 13 17.217
15 0 1 14 16.8059
15 0 1 15 14.2531
15 0 1 16 15.8399
15 0 1 17 17.038
15 0 1 18 15.5957
15 0 1 19 17.8676
15 0 1 20 17.9595
15 0 1 21 18.0883
15 0 1 22 12.9581
15 0 1 23 17.1235
15 0 1 24 17.3722
15 0 1 25 17.4351
15 0 1 26 16.9344
15 0 1 27 15.2631
15 0 1 28 17.0318
15 0 1 29 15.6827
15 0 1 30 17.6174
15 0 1 31 18.2824
15 0 1 32 16.6994
15 0 1 33 18.333
15 0 1 34 16.2433
15 0 1 35 18.1665
15 0 1 36 17.5885
15 0 1 37 18.6861
15 0 1 38 17.5708
15 0 1 39 18.2525
15 0 1 40 12.8185
15 0 1 41 14.1763
15 0 1 42 14.7296
15 0 1 43 13.8029
15 0 1 44 16.1434
15 0 1 45 15.0753
15 0 1 46 16.0192
15 0 1 47 15.4104
15 0 1 48 14.8516
15 0 1 49 15.5591
15 0 1 50 14.7985
15 0 1 51 15.4994
15 0 1 52 15.6371
15 0 1 53 15.7802
15 0 1 54 15.1534
15 0 1 55 14.8237
15 0 1 56 15.3896
15 0 1 57 15.0562
15 0 1 58 13.6037
15 0 1 59 11.8485
15 0 1 60 13.552
15 0 1 61 13.4746
15 0 1 62 14.3805
15 0 1 63 13.395
15 0 1 64 15.0211
15 0 1 65 16.0015
15 0 1 66 15.4692
15 0 1 67 13.6153
15 0 1 68 13.7939
15 0 1 69 16.3856
15 0 1 70 15.3165
15 0 1 71 14.2098
15 0 1 72 15.5199
15 0 1 73 15.1209
15 0 1 74 13.6277
15 0 1 75 14.789
15 0 1 76 14.2656
15 0 1 77 14.6117
15 0 1 78 13.3037
15 0 1 79 14.1246
15 0 2 0 9.39219
15 0 2 1 16.7944
15 0 2 2 12.4364
15 0 2 3 16.0641
15 0 2 4 16.8881
15 0 2 5 14.6058
15 0 2 6 13.2574
15 0 2 7 11.6943
15 0 2 8 16.1057
15 0 2 9 15.5688
15 0 2 10 12.483
15 0 2 11 17.6268
15 0 2 12 19.0797
15 0 2 13 17.2127
15 0 2 14 19.2057
15 0 2 15 16.4321
15 0 2 16 14.9242
15 0 2 17 15.5553
15 0 2 18 18.071
15 0 2 19 16.204
15 0 2 20 17.247
15 0 2 21 12.6058
15 0 2 22 15.909
15 0 2 23 13.7808
15 0 2 24 12.4619
15 0 2 25 16.7236
15 0 2 26 15.6774
15 0 2 27 15.4141
15 0 2 28 12.2608
15 0 2 29 18.9873
15 0 2 30 14.5294
15 0 2 31 16.3275
15 0 2 32 15.369
15 0 2 33 12.3935
15 0 2 34 15.127
15 0 2 35 15.5408
15 0 2 36 11.0898
15 0 2 37 13.0886
15 0 2 38 11.018
15 0 2 39 9.85444
15 0 2 40 12.2506
15 0 2 41 13.8779
15 0 2 42 16.3391
15 0 2 43 15.121
15 0 2 44 10.8129
15 0 2 45 14.4073
15 0 2 46 15.6629
15 0 2 47 17.4433
15 0 2 48 12.8579
15 0 2 49 14.6054
15 0 2 50 16.3101
15 0 2 51 14.8297
15 0 2 52 12.15
15 0 2 53 15.3147
15 0 2 54 15.6493
15 0 2 55 14.4327
15 0 2 56 10.6725
15 0 2 57 14.8088
15 0 2 58 17.0139
15 0 2 59 13.9294
15 0 2 60 15.6508
15 0 2 61 15.7522
15 0 2 62 16.7176
15 0 2 63 13.5832
15 0 2 64 16.4666
15 0 2 65 13.2715
15 0 2 66 16.9004
15 0 2 67 18.4273
15 0 2 68 15.2996
15 0 2 69 13.234
15 0 2 70 15.2831
15 0 2 71 15.7852
15 0 2 72 16.5305
15 0 2 73 16.7199
15 0 2 74 14.5311
15 0 2 75 14.4687
15 0 2 76 15.4472
15 0 2 77 15.7554
15 0 2 78 16.5283
15 0 2 79 14.5665
15 0 3 0 15.9415
15 0 3 1 14.5659
15 0 3 2 16.3301
15 0 3 3 16.7044
15 0 3 4 14.9187
15 0 3 5 15.2418
15 0 3 6 16.3378
15 0 3 7 14.1846
15 0 3 8 14.7778
15 0 3 9 13.6423
15 0 3 10 16.6219
15 0 3 11 15.8787
15 0 3 12 17.0197
15 0 3 13 14.2885
15 0 3 14 16.4707
15 0 3 15 16.8976
15 0 3 16 16.8051
15 0 3 17 15.1982
15 0 3 18 15.1172
15 0 3 19 16.1223
15 0 3 20 13.2978
15 0 3 21 16.4369
15 0 3 22 15.7412
15 0 3 23 14.7554
15 0 3 24 17.5196
15 0 3 25 15.9927
15 0 3 26 15.8311
15 0 3 27 16.454
15 0 3 28 14.649
15 0 3 29 15.603
15 0 3 30 14.74
15 0 3 31 16.302
15 0 3 32 14.9684
15 0 3 33 15.0356
15 0 3 34 15.8092
15 0 3 35 16.8079
15 0 3 36 16.7092
15 0 3 37 17.0281
15 0 3 38 15.7825
15 0 3 39 17.3021
15 0 3 40 10.7034
15 0 3 41 13.6014
15 0 3 42 13.0179
15 0 3 43 13.7796
15 0 3 44 15.3823
15 0 3 45 16.5818
15 0 3 46 16.3759
15 0 3 47 16.1781
15 0 3 48 12.9087
15 0 3 49 14.049
15 0 3 50 13.0774
15 0 3 51 14.3808
15 0 3 52 16.7272
15 0 3 53 16.294
15 0 3 54 15.3478
15 0 3 55 15.8843
15 0 3 56 13.9908
15 0 3 57 16.7707
15 0 3 58 16.1876
15 0 3 59 16.4361
15 0 3 60 14.8049
15 0 3 61 12.3224
15 0 3 62 15.0846
15 0 3 63 11.2244
15 0 3 64 15.3892
15 0 3 65 16.1569
15 0 3 66 16.224
15 0 3 67 16.7283
15 0 3 68 14.3932
15 0 3 69 16.3912
15 0 3 70 15.5711
15 0 3 71 12.2856
15 0 3 72 15.9033
15 0 3 73 15.236
15 0 3 74 16.0973
15 0 3 75 15.2795
15 0 3 76 14.7154
15 0 3 77 14.8333
15 0 3 78 16.5838
15 0 3 79 17.4484
15 0 4 0 7.95105
15 0 4 1 14.7298
15 0 4 2 14.4731
15 0 4 3 9.48135
15 0 4 4 10.9766
15 0 4 5 14.7326
15 0 4 6 13.6691
15 0 4 7 15.6088
15 0 4 8 14.3421
15 0 4 9 18.0212
15 0 4 10 15.3218
15 0 4 11 14.6903
15 0 4 12 17.7455
15 0 4 13 15.1965
15 0 4 14 13.9949
15 0 4 15 10.4715
15 0 4 16 16.5244
15 0 4 17 16.1375
15 0 4 18 16.8863
15 0 4 19 14.5798
15 0 4 20 13.4982
15 0 4 21 10.8146
15 0 4 22 9.12686
15 0 4 23 14.9956
15 0 4 24 14.8014
15 0 4 25 15.7037
15 0 4 26 14.6651
15 0 4 27 14.3309
15 0 4 28 11.7388
15 0 4 29 14.0725
15 0 4 30 11.188
15 0 4 31 14.4457
15 0 4 32 15.5797
15 0 4 33 15.5149
15 0 4 34 18.2139
15 0 4 35 15.2629
15 0 4 36 14.0453
15 0 4 37 11.5245
15 0 4 38 13.0928
15 0 4 39 13.4163
15 0 4 40 0
15 0 4 41 15.5202
15 0 4 42 14.8005
15 0 4 43 16.4938
15 0 4 44 13.1801
15 0 4 45 17.4457
15 0 4 46 15.9896
15 0 4 47 16.4927
15 0 4 48 14.2758
15 0 4 49 16.4214
15 0 4 50 13.1489
15 0 4 51 13.3284
15 0 4 52 15.4902
15 0 4 53 13.9533
15 0 4 54 12.3074
15 0 4 55 11.9506
15 0 4 56 11.7123
15 0 4 57 13.3486
15 0 4 58 14.7007
15 0 4 59 14.7274
15 0 4 60 0
15 0 4 61 16.0124
15 0 4 62 16.1511
15 0 4 63 15.8037
15 0 4 64 15.6407
15 0 4 65 16.8238
15 0 4 66 16.6777
15 0 4 67 17.3504
15 0 4 68 15.8409
15 0 4 69 15.5268
15 0 4 70 15.1002
15 0 4 71 11.9982
15 0 4 72 13.5891
15 0 4 73 14.8471
15 0 4 74 13.0973
15 0 4 75 11.8918
15 0 4 76 13.56
15 0 4 77 14.2937
15 0 4 78 16.3881
15 0 4 79 15.8315
15 0 5 0 17.4139
15 0 5 1 15.686
15 0 5 2 16.2988
15 0 5 3 15.8973
15 0 5 4 17.402
15 0 5 5 16.9541
15 0 5 6 17.1188
15 0 5 7 14.5718
15 0 5 8 17.0131
15 0 5 9 14.6028
15 0 5 10 18.8512
15 0 5 11 17.7012
15 0 5 12 18.7832
15 0 5 13 17.9942
15 0 5 14 15.2147
15 0 5 15 16.3443
15 0 5 16 15.9944
15 0 5 17 17.8865
15 0 5 18 15.7048
15 0 5 19 16.4885
15 0 5 20 17.0344
15 0 5 21 18.5025
15 0 5 22 18.4495
15 0 5 23 14.4842
15 0 5 24 14.0229
15 0 5 25 12.1004
15 0 5 26 16.9212
15 0 5 27 14.4113
15 0 5 28 14.7811
15 0 5 29 14.2735
15 0 5 30 15.226
15 0 5 31 19.7641
15 0 5 32 15.9649
15 0 5 33 16.2967
15 0 5 34 17.0772
15 0 5 35 18.3512
15 0 5 36 16.6046
15 0 5 37 16.7379
15 0 5 38 17.5737
15 0 5 39 15.2939
15 0 5 40 13.3081
15 0 5 41 14.9766
15 0 5 42 15.6076
15 0 5 43 15.0865
15 0 5 44 16.5694
15 0 5 45 15.8502
15 0 5 46 16.4467
15 0 5 47 16.5997
15 0 5 48 15.9967
15 0 5 49 17.4092
15 0 5 50 15.7962
15 0 5 51 19.0766
15 0 5 52 15.1817
15 0 5 53 15.0783
15 0 5 54 14.2323
15 0 5 55 13.8159
15 0 5 56 0
15 0 5 57 15.3702
15 0 5 58 15.593
15 0 5 59 12.8099
15 0 5 60 15.7904
15 0 5 61 14.4963
15 0 5 62 14.963
15 0 5 63 15.5233
15 0 5 64 16.4143
15 0 5 65 17.3393
15 0 5 66 15.4058
15 0 5 67 15.5443
15 0 5 68 16.8089
15 0 5 69 14.3535
15 0 5 70 18.8186
15 0 5 71 14.3369
15 0 5 72 14.6562
15 0 5 73 16.1477
15 0 5 74 13.5828
15 0 5 75 12.0824
15 0 5 76 14.5712
15 0 5 77 14.6844
15 0 5 78 16.1267
15 0 5 79 17.5233
15 0 6 0 13.4812
15 0 6 1 13.0981
15 0 6 2 13.1288
15 0 6 3 17.088
15 0 6 4 16.9508
15 0 6 5 13.0671
15 0 6 6 15.1133
15 0 6 7 13.2941
15 0 6 8 14.9971
15 0 6 9 14.8772
15 0 6 10 11.7904
15 0 6 11 12.4477
15 0 6 12 10.9978
15 0 6 13 13.064
15 0 6 14 8.28364
15 0 6 15 13.3684
15 0 6 16 15.026
15 0 6 17 14.2293
15 0 6 18 16.4824
15 0 6 19 17.5941
15 0 6 20 17.4229
15 0 6 21 12.6936
15 0 6 22 14.8894
15 0 6 23 8.13815
15 0 6 24 11.7436
15 0 6 25 11.2963
15 0 6 26 11.9814
15 0 6 27 11.5673
15 0 6 28 12.3681
15 0 6 29 12.4386
15 0 6 30 11.8822
15 0 6 31 10.8388
15 0 6 32 13.1957
15 0 6 33 17.0201
15 0 6 34 13.7876
15 0 6 35 20.0664
15 0 6 36 13.9997
15 0 6 37 13.3184
15 0 6 38 14.0341
15 0 6 39 12.8194
15 0 6 40 12.984
15 0 6 41 15.9587
15 0 6 42 16.2183
15 0 6 43 15.8316
15 0 6 44 7.7858
15 0 6 45 14.8548
15 0 6 46 14.908
15 0 6 47 12.8929
15 0 6 48 15.3208
15 0 6 49 16.1413
15 0 6 50 17.9295
15 0 6 51 15.0224
15 0 6 52 13.3634
15 0 6 53 14.3846
15 0 6 54 12.7815
15 0 6 55 14.0623
15 0 6 56 11.4475
15 0 6 57 14.8809
15 0 6 58 13.8448
15 0 6 59 13.6879
15 0 6 60 14.0788
15 0 6 61 14.5151
15 0 6 62 15.5797
15 0 6 63 12.9299
15 0 6 64 14.369
15 0 6 65 14.8214
15 0 6 66 14.9295
15 0 6 67 15.4772
15 0 6 68 15.4166
15 0 6 69 14.5858
15 0 6 70 16.4674
15 0 6 71 14.6321
15 0 6 72 13.7316
15 0 6 73 14.6885
15 0 6 74 14.7886
15 0 6 75 15.2755
15 0 6 76 14.9018
15 0 6 77 13.1933
15 0 6 78 15.423
15 0 6 79 14.8992
15 0 7 0 13.2161
15 0 7 1 17.2817
15 0 7 2 17.7857
15 0 7 3 17.5776
15 0 7 4 17.229
15 0 7 5 16.3053
15 0 7 6 16.6841
15 0 7 7 15.2741
15 0 7 8 10.6916
15 0 7 9 15.6422
15 0 7 10 17.079
15 0 7 11 18.1854
15 0 7 12 18.2921
15 0 7 13 16.8042
15 0 7 14 17.5629
15 0 7 15 16.768
15 0 7 16 15.8897
15 0 7 17 16.6913
15 0 7 18 16.7778
15 0 7 19 18.8017
15 0 7 20 19.3199
15 0 7 21 17.3341
15 0 7 22 18.2511
15 0 7 23 16.8254
15 0 7 24 15.6913
15 0 7 25 14.7505
15 0 7 26 15.2614
15 0 7 27 16.2525
15 0 7 28 16.2811
15 0 7 29 16.9416
15 0 7 30 16.0665
15 0 7 31 14.0682
15 0 7 32 14.8576
15 0 7 33 16.4052
15 0 7 34 17.5054
15 0 7 35 16.8702
15 0 7 36 16.0872
15 0 7 37 17.1163
15 0 7 38 16.8164
15 0 7 39 15.9195
15 0 7 40 15.4623
15 0 7 41 16.6053
15 0 7 42 14.3065
15 0 7 43 14.6702
15 0 7 44 16.8023
15 0 7 45 15.8378
15 0 7 46 16.351
15 0 7 47 15.3488
15 0 7 48 15.5831
15 0 7 49 16.8843
15 0 7 50 15.5881
15 0 7 51 15.2638
15 0 7 52 13.9855
15 0 7 53 15.4622
15 0 7 54 14.3499
15 0 7 55 14.6849
15 0 7 56 16.3574
15 0 7 57 15.0848
15 0 7 58 17.2954
15 0 7 59 15.2045
15 0 7 60 16.4409
15 0 7 61 0
15 0 7 62 12.5676
15 0 7 63 10.8795
15 0 7 64 12.8147
15 0 7 65 13.9005
15 0 7 66 13.5607
15 0 7 67 13.9595
15 0 7 68 14.7589
15 0 7 69 15.169
15 0 7 70 14.8058
15 0 7 71 13.8155
15 0 7 72 12.3916
15 0 7 73 13.8709
15 0 7 74 14.4505
15 0 7 75 11.4163
15 0 7 76 14.1066
15 0 7 77 15.295
15 0 7 78 15.2007
15 0 7 79 0
15 1 0 0 0
15 1 0 1 14.4614
15 1 0 2 14.6471
15 1 0 3 15.027
15 1 0 4 15.3259
15 1 0 5 18.8949
15 1 0 6 17.0093
15 1 0 7 13.6212
15 1 0 8 12.6469
15 1 0 9 14.75
15 1 0 10 15.1211
15 1 0 11 15.6325
15 1 0 12 15.5993
15 1 0 13 15.8345
15 1 0 14 17.8063
15 1 0 15 16.2158
15 1 0 16 14.7604
15 1 0 17 15.7479
15 1 0 18 14.5274
15 1 0 19 17.6702
15 1 0 20 18.4218
15 1 0 21 14.8913
15 1 0 22 13.5386
15 1 0 23 14.5077
15 1 0 24 15.2851
15 1 0 25 14.2301
15 1 0 26 15.1422
15 1 0 27 15.4274
15 1 0 28 14.1858
15 1 0 29 14.6075
15 1 0 30 15.3278
15 1 0 31 14.8297
15 1 0 32 12.8791
15 1 0 33 15.0313
15 1 0 34 13.3738
15 1 0 35 19.1052
15 1 0 36 16.6989
15 1 0 37 13.3162
15 1 0 38 13.4215
15 1 0 39 7.4285
15 1 0 40 15.5381
15 1 0 41 14.519
15 1 0 42 14.7226
15 1 0 43 15.0176
15 1 0 44 14.9506
15 1 0 45 14.584
15 1 0 46 15.0277
15 1 0 47 13.8384
15 1 0 48 13.3507
15 1 0 49 13.507
15 1 0 50 15.1914
15 1 0 51 14.2448
15 1 0 52 13.7293
15 1 0 53 14.4202
15 1 0 54 9.37382
15 1 0 55 14.4308
15 1 0 56 15.9161
15 1 0 57 13.5839
15 1 0 58 14.1224
15 1 0 59 13.6823
15 1 0 60 14.4146
15 1 0 61 14.11
15 1 0 62 13.9803
15 1 0 63 14.1184
15 1 0 64 15.2901
15 1 0 65 16.5301
15 1 0 66 15.3125
15 1 0 67 14.4341
15 1 0 68 13.6526
15 1 0 69 14.1115
15 1 0 70 15.9823
15 1 0 71 15.8963
15 1 0 72 15.7418
15 1 0 73 15.7906
15 1 0 74 0
15 1 0 75 15.3124
15 1 0 76 15.5144
15 1 0 77 15.3751
15 1 0 78 14.5975
15 1 0 79 15.9339
15 1 1 0 15.8004
15 1 1 1 15.2377
15 1 1 2 18.0289
15 1 1 3 17.9142
15 1 1 4 17.3734
15 1 1 5 17.848
15 1 1 6 18.4622
15 1 1 7 13.6332
15 1 1 8 14.522
15 1 1 9 16.5778
15 1 1 10 16.1046
15 1 1 11 15.4024
15 1 1 12 14.3012
15 1 1 13 15.9147
15 1 1 14 16.2863
15 1 1 15 13.7271
15 1 1 16 15.7834
15 1 1 17 17.4288
15 1 1 18 16.3536
15 1 1 19 17.6422
15 1 1 20 15.6174
15 1 1 21 19.1623
15 1 1 22 18.9123
15 1 1 23 16.7642
15 1 1 24 15.1098
15 1 1 25 13.8614
15 1 1 26 14.8453
15 1 1 27 17.6026
15 1 1 28 15.5933
15 1 1 29 14.2956
15 1 1 30 14.4519
15 1 1 31 15.6346
15 1 1 32 13.6332
15 1 1 33 14.4664
15 1 1 34 14.8915
15 1 1 35 17.2716
15 1 1 36 13.6498
15 1 1 37 14.2322
15 1 1 38 13.562
15 1 1 39 13.6103
15 1 1 40 14.6923
15 1 1 41 14.6066
15 1 1 42 13.7677
15 1 1 43 12.7004
15 1 1 44 14.9603
15 1 1 45 15.0716
15 1 1 46 14.6112
15 1 1 47 15.2921
15 1 1 48 13.7071
15 1 1 49 15.0095
15 1 1 50 16.2389
15 1 1 51 15.7699
15 1 1 52 13.1239
15 1 1 53 14.8802
15 1 1 54 14.6388
15 1 1 55 13.5506
15 1 1 56 15.4226
15 1 1 57 15.6183
15 1 1 58 13.8699
15 1 1 59 13.0235
15 1 1 60 12.1336
15 1 1 61 14.6165
15 1 1 62 15.5606
15 1 1 63 13.6377
15 1 1 64 15.1765
15 1 1 65 15.1584
15 1 1 66 16.0613
15 1 1 67 14.7321
15 1 1 68 12.8297
15 1 1 69 15.707
15 1 1 70 14.3092
15 1 1 71 14.3868
15 1 1 72 13.206
15 1 1 73 13.4798
15 1 1 74 11.8224
15 1 1 75 12.5066
15 1 1 76 12.7105
15 1 1 77 15.6123
15 1 1 78 12.8066
15 1 1 79 13.6346
15 1 2 0 9.73705
15 1 2 1 12.7953
15 1 2 2 15.0795
15 1 2 3 15.3683
15 1 2 4 17.8927
15 1 2 5 14.4988
15 1 2 6 15.9581
15 1 2 7 11.3078
15 1 2 8 16.8582
15 1 2 9 10.8327
15 1 2 10 13.2309
15 1 2 11 16.2299
15 1 2 12 13.7343
15 1 2 13 15.6275
15 1 2 14 14.2627
15 1 2 15 10.9757
15 1 2 16 13.3257
15 1 2 17 14.9317
15 1 2 18 16.6459
15 1 2 19 14.7858
15 1 2 20 15.1093
15 1 2 21 16.9161
15 1 2 22 15.6757
15 1 2 23 11.615
15 1 2 24 11.9827
15 1 2 25 12.6385
15 1 2 26 15.5377
15 1 2 27 13.7744
15 1 2 28 15.4081
15 1 2 29 13.1343
15 1 2 30 14.3634
15 1 2 31 12.6884
15 1 2 32 15.179
15 1 2 33 12.971
15 1 2 34 14.4665
15 1 2 35 14.0806
15 1 2 36 15.569
15 1 2 37 13.2255
15 1 2 38 15.1636
15 1 2 39 14.6502
15 1 2 40 0
15 1 2 41 15.3328
15 1 2 42 14.9257
15 1 2 43 14.1647
15 1 2 44 9.18333
15 1 2 45 16.966
15 1 2 46 11.5108
15 1 2 47 13.6364
15 1 2 48 12.0839
15 1 2 49 16.559
15 1 2 50 17.1747
15 1 2 51 15.9486
15 1 2 52 10.992
15 1 2 53 15.8828
15 1 2 54 17.4454
15 1 2 55 15.6106
15 1 2 56 14.9287
15 1 2 57 17.9762
15 1 2 58 16.9626
15 1 2 59 15.8205
15 1 2 60 13.7454
15 1 2 61 14.2738
15 1 2 62 15.9497
15 1 2 63 13.6327
15 1 2 64 16.2093
15 1 2 65 13.8825
15 1 2 66 14.0715
15 1 2 67 12.3503
15 1 2 68 15.0658
15 1 2 69 15.9334
15 1 2 70 17.1625
15 1 2 71 19.0973
15 1 2 72 13.7656
15 1 2 73 15.3306
15 1 2 74 14.3285
15 1 2 75 0
15 1 2 76 12.9929
15 1 2 77 16.5809
15 1 2 78 14.9998
15 1 2 79 13.8532
15 1 3 0 11.1702
15 1 3 1 15.6437
15 1 3 2 16.2533
15 1 3 3 16.4415
15 1 3 4 15.2858
15 1 3 5 15.9951
15 1 3 6 15.9631
15 1 3 7 13.7478
15 1 3 8 14.0373
15 1 3 9 10.9739
15 1 3 10 15.8112
15 1 3 11 16.146
15 1 3 12 16.7626
15 1 3 13 15.1876
15 1 3 14 15.4991
15 1 3 15 17.9538
15 1 3 16 15.6602
15 1 3 17 13.9379
15 1 3 18 17.0588
15 1 3 19 16.8806
15 1 3 20 17.6252
15 1 3 21 17.7741
15 1 3 22 14.2801
15 1 3 23 13.8079
15 1 3 24 13.1644
15 1 3 25 13.8914
15 1 3 26 16.852
15 1 3 27 17.9826
15 1 3 28 16.4852
15 1 3 29 18.6521
15 1 3 30 13.4783
15 1 3 31 14.5991
15 1 3 32 14.6584
15 1 3 33 13.2042
15 1 3 34 15.689
15 1 3 35 16.4286
15 1 3 36 15.6493
15 1 3 37 15.9768
15 1 3 38 13.2757
15 1 3 39 13.7017
15 1 3 40 14.4795
15 1 3 41 16.7392
15 1 3 42 13.8685
15 1 3 43 13.5555
15 1 3 44 11.5092
15 1 3 45 15.2903
15 1 3 46 13.2203
15 1 3 47 13.9479
15 1 3 48 12.0523
15 1 3 49 16.3508
15 1 3 50 14.5111
15 1 3 51 13.9152
15 1 3 52 11.7772
15 1 3 53 17.2586
15 1 3 54 14.5994
15 1 3 55 15.9317
15 1 3 56 11.6288
15 1 3 57 16.8272
15 1 3 58 15.3102
15 1 3 59 17.0561
15 1 3 60 9.29875
15 1 3 61 11.7822
15 1 3 62 14.8579
15 1 3 63 9.26614
15 1 3 64 13.345
15 1 3 65 16.1987
15 1 3 66 15.5929
15 1 3 67 0
15 1 3 68 14.0812
15 1 3 69 17.8336
15 1 3 70 16.5248
15 1 3 71 13.4457
15 1 3 72 12.096
15 1 3 73 15.7586
15 1 3 74 9.97452
15 1 3 75 7.59068
15 1 3 76 14.6486
15 1 3 77 15.7998
15 1 3 78 15.2346
15 1 3 79 7.77016
15 1 4 0 17.2114
15 1 4 1 15.5108
15 1 4 2 13.8498
15 1 4 3 15.5607
15 1 4 4 15.6535
15 1 4 5 17.2712
15 1 4 6 14.1551
15 1 4 7 15.8423
15 1 4 8 13.5134
15 1 4 9 14.8255
15 1 4 10 16.0005
15 1 4 11 16.6139
15 1 4 12 15.9868
15 1 4 13 17.2343
15 1 4 14 11.6704
15 1 4 15 15.0124
15 1 4 16 12.2383
15 1 4 17 11.9541
15 1 4 18 15.7477
15 1 4 19 15.1082
15 1 4 20 0
15 1 4 21 0
15 1 4 22 15.2775
15 1 4 23 17.9871
15 1 4 24 14.4239
15 1 4 25 17.271
15 1 4 26 15.1121
15 1 4 27 16.5448
15 1 4 28 17.002
15 1 4 29 17.2144
15 1 4 30 15.015
15 1 4 31 15.0366
15 1 4 32 15.9038
15 1 4 33 14.6485
15 1 4 34 15.7184
15 1 4 35 16.1568
15 1 4 36 15.9157
15 1 4 37 16.1474
15 1 4 38 14.0165
15 1 4 39 14.1746
15 1 4 40 15.9359
15 1 4 41 15.3079
15 1 4 42 15.8633
15 1 4 43 14.8797
15 1 4 44 14.8405
15 1 4 45 18.8612
15 1 4 46 15.0485
15 1 4 47 15.9625
15 1 4 48 0
15 1 4 49 0
15 1 4 50 13.7985
15 1 4 51 16.4806
15 1 4 52 13.0312
15 1 4 53 15.6779
15 1 4 54 15.7278
15 1 4 55 13.6272
15 1 4 56 10.94
15 1 4 57 13.3646
15 1 4 58 14.0936
15 1 4 59 15.361
15 1 4 60 16.029
15 1 4 61 14.5126
15 1 4 62 15.5055
15 1 4 63 11.6367
15 1 4 64 15.1484
15 1 4 65 14.2243
15 1 4 66 16.2044
15 1 4 67 7.5983
15 1 4 68 11.2497
15 1 4 69 13.7753
15 1 4 70 13.0253
15 1 4 71 0
15 1 4 72 10.4807
15 1 4 73 16.017
15 1 4 74 13.5537
15 1 4 75 11.3094
15 1 4 76 14.7534
15 1 4 77 15.4078
15 1 4 78 15.5981
15 1 4 79 16.681
15 1 5 0 16.1568
15 1 5 1 12.6503
15 1 5 2 17.7175
15 1 5 3 17.656
15 1 5 4 17.139
15 1 5 5 15.9923
15 1 5 6 18.0885
15 1 5 7 16.3354
15 1 5 8 10.4692
15 1 5 9 9.92015
15 1 5 10 12.9892
15 1 5 11 14.922
15 1 5 12 18.571
15 1 5 13 16.2118
15 1 5 14 17.736
15 1 5 15 19.3597
15 1 5 16 11.6721
15 1 5 17 13.0863
15 1 5 18 10.9319
15 1 5 19 0
15 1 5 20 0
15 1 5 21 14.6816
15 1 5 22 14.1011
15 1 5 23 17.5685
15 1 5 24 16.1185
15 1 5 25 7.70937
15 1 5 26 15.9386
15 1 5 27 17.189
15 1 5 28 15.7081
15 1 5 29 16.8507
15 1 5 30 15.8252
15 1 5 31 15.2144
15 1 5 32 16.615
15 1 5 33 14.5256
15 1 5 34 15.5481
15 1 5 35 16.2616
15 1 5 36 16.7569
15 1 5 37 14.8484
15 1 5 38 13.0102
15 1 5 39 14.1654
15 1 5 40 16.5683
15 1 5 41 15.9567
15 1 5 42 16.1362
15 1 5 43 13.8086
15 1 5 44 12.503
15 1 5 45 17.0173
15 1 5 46 16.591
15 1 5 47 15.8095
15 1 5 48 0
15 1 5 49 15.741
15 1 5 50 13.3404
15 1 5 51 15.6626
15 1 5 52 10.695
15 1 5 53 15.5897
15 1 5 54 16.1676
15 1 5 55 15.7713
15 1 5 56 11.9642
15 1 5 57 14.9207
15 1 5 58 14.3319
15 1 5 59 13.4296
15 1 5 60 14.0602
15 1 5 61 15.5209
15 1 5 62 15.2701
15 1 5 63 10.165
15 1 5 64 13.0627
15 1 5 65 14.3373
15 1 5 66 16.0472
15 1 5 67 13.4065
15 1 5 68 10.4863
15 1 5 69 11.5833
15 1 5 70 0
15 1 5 71 0
15 1 5 72 13.3725
15 1 5 73 14.335
15 1 5 74 15.3635
15 1 5 75 7.79093
15 1 5 76 12.2716
15 1 5 77 13.4759
15 1 5 78 14.0161
15 1 5 79 14.5437
15 1 6 0 10.677
15 1 6 1 14.2708
15 1 6 2 15.1514
15 1 6 3 15.2241
15 1 6 4 15.7056
15 1 6 5 13.7093
15 1 6 6 14.7292
15 1 6 7 15.5452
15 1 6 8 15.9059
15 1 6 9 16.2496
15 1 6 10 16.7355
15 1 6 11 15.8434
15 1 6 12 17.5287
15 1 6 13 16.3377
15 1 6 14 16.5346
15 1 6 15 15.9312
15 1 6 16 15.0704
15 1 6 17 16.8188
15 1 6 18 17.5174
15 1 6 19 16.9639
15 1 6 20 15.8329
15 1 6 21 17.6132
15 1 6 22 15.7318
15 1 6 23 16.6093
15 1 6 24 16.4318
15 1 6 25 16.1198
15 1 6 26 15.6491
15 1 6 27 17.5531
15 1 6 28 16.9359
15 1 6 29 16.4482
15 1 6 30 16.804
15 1 6 31 17.2811
15 1 6 32 13.4116
15 1 6 33 13.7152
15 1 6 34 16.61
15 1 6 35 16.3967
15 1 6 36 14.5575
15 1 6 37 14.8397
15 1 6 38 17.0559
15 1 6 39 16.6372
15 1 6 40 7.66559
15 1 6 41 15.4047
15 1 6 42 14.083
15 1 6 43 15.6866
15 1 6 44 13.5125
15 1 6 45 11.101
15 1 6 46 16.9805
15 1 6 47 16.3746
15 1 6 48 15.4339
15 1 6 49 15.4099
15 1 6 50 16.4195
15 1 6 51 16.0432
15 1 6 52 12.6851
15 1 6 53 15.2714
15 1 6 54 16.2081
15 1 6 55 13.6525
15 1 6 56 13.5965
15 1 6 57 12.7717
15 1 6 58 14.5157
15 1 6 59 14.9617
15 1 6 60 14.0483
15 1 6 61 13.9135
15 1 6 62 13.8515
15 1 6 63 12.0094
15 1 6 64 12.6426
15 1 6 65 16.5228
15 1 6 66 15.6311
15 1 6 67 11.7729
15 1 6 68 14.5117
15 1 6 69 15.2241
15 1 6 70 16.7772
15 1 6 71 9.23247
15 1 6 72 14.644
15 1 6 73 15.6589
15 1 6 74 15.9237
15 1 6 75 11.887
15 1 6 76 12.312
15 1 6 77 14.7422
15 1 6 78 15.4466
15 1 6 79 16.1477
15 1 7 0 9.19997
15 1 7 1 9.58329
15 1 7 2 13.927
15 1 7 3 15.2688
15 1 7 4 16.2635
15 1 7 5 15.4076
15 1 7 6 14.6502
15 1 7 7 14.7319
15 1 7 8 14.7498
15 1 7 9 14.0781
15 1 7 10 16.063
15 1 7 11 17.6987
15 1 7 12 17.8637
15 1 7 13 16.3947
15 1 7 14 18.6506
15 1 7 15 14.0571
15 1 7 16 17.3747
15 1 7 17 13.2361
15 1 7 18 15.2346
15 1 7 19 15.8221
15 1 7 20 17.1851
15 1 7 21 14.4498
15 1 7 22 13.6813
15 1 7 23 10.1336
15 1 7 24 0
15 1 7 25 10.2917
15 1 7 26 12.5014
15 1 7 27 17.6978
15 1 7 28 16.0762
15 1 7 29 16.2678
15 1 7 30 14.5325
15 1 7 31 15.8082
15 1 7 32 0
15 1 7 33 10.4381
15 1 7 34 9.64254
15 1 7 35 16.1036
15 1 7 36 16.4489
15 1 7 37 16.0417
15 1 7 38 16.4726
15 1 7 39 12.1484
15 1 7 40 11.9644
15 1 7 41 13.4356
15 1 7 42 14.9761
15 1 7 43 14.5076
15 1 7 44 11.805
15 1 7 45 14.744
15 1 7 46 14.8213
15 1 7 47 9.32624
15 1 7 48 15.8583
15 1 7 49 15.9515
15 1 7 50 16.8946
15 1 7 51 13.2353
15 1 7 52 12.8791
15 1 7 53 15.201
15 1 7 54 14.9222
15 1 7 55 13.4423
15 1 7 56 10.1846
15 1 7 57 13.3662
15 1 7 58 15.1445
15 1 7 59 14.4984
15 1 7 60 8.90104
15 1 7 61 13.5119
15 1 7 62 11.1485
15 1 7 63 0
15 1 7 64 0
15 1 7 65 14.8288
15 1 7 66 15.5751
15 1 7 67 11.0696
15 1 7 68 17.2997
15 1 7 69 16.4638
15 1 7 70 11.8677
15 1 7 71 0
15 1 7 72 12.7129
15 1 7 73 14.9857
15 1 7 74 11.8452
15 1 7 75 0
15 1 7 76 10.0546
15 1 7 77 14.6939
15 1 7 78 8.37689
15 1 7 79 8.04898
2 0 0 0 20.7331
2 0 0 1 22.715
2 0 0 2 23.0482
2 0 0 3 21.8757
2 0 0 4 21.6498
2 0 0 5 23.0812
2 0 0 6 24.3822
2 0 0 7 22.8016
2 0 0 8 22.2708
2 0 0 9 23.7715
2 0 0 10 22.7447
2 0 0 11 22.6844
2 0 0 12 22.8922
2 0 0 13 23.5599
2 0 0 14 23.4283
2 0 0 15 22.6153
2 0 0 16 20.1593
2 0 0 17 22.4078
2 0 0 18 23.8694
2 0 0 19 22.2181
2 0 0 20 22.4841
2 0 0 21 21.0391
2 0 0 22 22.867
2 0 0 23 20.1014
2 0 1 0 23.2347
2 0 1 1 24.1562
2 0 1 2 21.9652
2 0 1 3 19.8293
2 0 1 4 21.5191
2 0 1 5 23.6884
2 0 1 6 22.703
2 0 1 7 19.8725
2 0 1 8 24.0571
2 0 1 9 22.7442
2 0 1 10 22.1228
2 0 1 11 20.2979
2 0 1 12 23.5463
2 0 1 13 23.1034
2 0 1 14 22.4923
2 0 1 15 23.5683
2 0 1 16 20.2327
2 0 1 17 22.0926
2 0 1 18 22.2997
2 0 1 19 22.0949
2 0 1 20 23.3247
2 0 1 21 21.2189
2 0 1 22 23.5418
2 0 1 23 22.0136
2 0 2 0 25.038
2 0 2 1 26.1736
2 0 2 2 26.9243
2 0 2 3 26.2417
2 0 2 4 26.4212
2 0 2 5 26.0012
2 0 2 6 26.3557
2 0 2 7 27.0446
2 0 2 8 26.1702
2 0 2 9 23.2207
2 0 2 10 25.5784
2 0 2 11 25.1473
2 0 2 12 25.5966
2 0 2 13 26.2463
2 0 2 14 23.9174
2 0 2 15 24.9411
2 0 2 16 23.73
2 0 2 17 26.8579
2 0 2 18 25.022
2 0 2 19 26.0919
2 0 2 20 26.2614
2 0 2 21 25.7918
2 0 2 22 26.5271
2 0 2 23 27.3161
2 0 3 0 25.0273
2 0 3 1 24.8797
2 0 3 2 24.2508
2 0 3 3 23.9647
2 0 3 4 24.5203
2 0 3 5 24.7457
2 0 3 6 24.4528
2 0 3 7 24.3979
2 0 3 8 25.4059
2 0 3 9 25.8172
2 0 3 10 21.9833
2 0 3 11 24.8492
2 0 3 12 23.1904
2 0 3 13 24.0338
2 0 3 14 24.6432
2 0 3 15 24.4263
2 0 3 16 23.7768
2 0 3 17 24.1868
2 0 3 18 25.3192
2 0 3 19 25.4319
2 0 3 20 24.6087
2 0 3 21 24.8629
2 0 3 22 23.4903
2 0 3 23 24.118
2 0 4 0 24.5748
2 0 4 1 24.353
2 0 4 2 25.4625
2 0 4 3 24.6058
2 0 4 4 24.5126
2 0 4 5 25.8319
2 0 4 6 25.1962
2 0 4 7 24.5179
2 0 4 8 24.7288
2 0 4 9 25.1973
2 0 4 10 25.2267
2 0 4 11 26.2346
2 0 4 12 25.5898
2 0 4 13 23.9271
2 0 4 14 24.7263
2 0 4 15 24.4154
2 0 4 16 25.0427
2 0 4 17 23.8804
2 0 4 18 23.4359
2 0 4 19 23.4437
2 0 4 20 25.9323
2 0 4 21 23.6373
2 0 4 22 25.4367
2 0 4 23 25.7972
2 0 5 0 24.0357
2 0 5 1 24.6023
2 0 5 2 23.6826
2 0 5 3 24.2745
2 0 5 4 23.4396
2 0 5 5 23.9216
2 0 5 6 25.4064
2 0 5 7 20.5748
2 0 5 8 25.1468
2 0 5 9 26.2739
2 0 5 10 27.1192
2 0 5 11 25.5629
2 0 5 12 21.7783
2 0 5 13 25.4476
2 0 5 14 18.9763
2 0 5 15 24.095
2 0 5 16 21.6068
2 0 5 17 25.6381
2 0 5 18 24.9744
2 0 5 19 25.4467
2 0 5 20 26.4336
2 0 5 21 25.3378
2 0 5 22 23.9528
2 0 5 23 26.3989
2 0 6 0 23.911
2 0 6 1 22.6722
2 0 6 2 24.1995
2 0 6 3 25.1131
2 0 6 4 24.9797
2 0 6 5 24.6262
2 0 6 6 23.6613
2 0 6 7 23.5186
2 0 6 8 25.6408
2 0 6 9 24.1767
2 0 6 10 23.8651
2 0 6 11 23.7983
2 0 6 12 23.1997
2 0 6 13 25.2631
2 0 6 14 25.0217
2 0 6 15 24.8435
2 0 6 16 23.2425
2 0 6 17 23.9235
2 0 6 18 24.9483
2 0 6 19 21.0101
2 0 6 20 23.8157
2 0 6 21 24.6742
2 0 6 22 24.4318
2 0 6 23 22.4501
2 0 7 0 21.1297
2 0 7 1 21.6689
2 0 7 2 22.9154
2 0 7 3 22.2896
2 0 7 4 22.1075
2 0 7 5 22.1644
2 0 7 6 22.0921
2 0 7 7 19.9766
2 0 7 8 23.1059
2 0 7 9 24.6369
2 0 7 10 22.6052
2 0 7 11 21.0927
2 0 7 12 21.7659
2 0 7 13 22.8587
2 0 7 14 23.9576
2 0 7 15 22.7961
2 0 7 16 22.6902
2 0 7 17 24.1793
2 0 7 18 23.0814
2 0 7 19 24.0295
2 0 7 20 23.1087
2 0 7 21 21.0857
2 0 7 22 22.2687
2 0 7 23 22.9834
2 0 8 0 23.2667
2 0 8 1 24.3454
2 0 8 2 25.177
2 0 8 3 24.6011
2 0 8 4 25.4514
2 0 8 5 24.4359
2 0 8 6 25.2962
2 0 8 7 24.1658
2 0 8 8 24.0068
2 0 8 9 24.3422
2 0 8 10 26.5771
2 0 8 11 22.8009
2 0 8 12 23.3838
2 0 8 13 24.1268
2 0 8 14 22.4319
2 0 8 15 23.6833
2 0 8 16 23.9954
2 0 8 17 19.935
2 0 8 18 25.105
2 0 8 19 24.1457
2 0 8 20 25.0702
2 0 8 21 19.8955
2 0 8 22 24.2218
2 0 8 23 24.0253
2 0 9 0 23.7413
2 0 9 1 23.9123
2 0 9 2 25.6294
2 0 9 3 26.4497
2 0 9 4 24.8063
2 0 9 5 24.905
2 0 9 6 25.4043
2 0 9 7 25.6893
2 0 9 8 24.9505
2 0 9 9 25.6313
2 0 9 10 26.1734
2 0 9 11 26.0652
2 0 9 12 26.9616
2 0 9 13 24.8089
2 0 9 14 26.477
2 0 9 15 25.4991
2 0 9 16 25.7066
2 0 9 17 25.4104
2 0 9 18 25.5682
2 0 9 19 27.1488
2 0 9 20 25.3598
2 0 9 21 24.6917
2 0 9 22 26.2766
2 0 9 23 25.8036
2 0 10 0 21.8525
2 0 10 1 23.5549
2 0 10 2 24.4195
2 0 10 3 24.0193
2 0 10 4 26.1764
2 0 10 5 22.6155
2 0 10 6 23.9133
2 0 10 7 26.0746
2 0 10 8 26.6163
2 0 10 9 25.365
2 0 10 10 25.6235
2 0 10 11 22.9251
2 0 10 12 26.1757
2 0 10 13 24.924
2 0 10 14 25.4137
2 0 10 15 20.7433
2 0 10 16 20.9422
2 0 10 17 25.068
2 0 10 18 24.9341
2 0 10 19 24.631
2 0 10 20 24.0863
2 0 10 21 25.0347
2 0 10 22 20.8772
2 0 10 23 24.735
2 1 0 0 22.9581
2 1 0 1 23.3159
2 1 0 2 24.4178
2 1 0 3 23.7182
2 1 0 4 22.8304
2 1 0 5 23.4834
2 1 0 6 23.8691
2 1 0 7 23.6285
2 1 0 8 24.5451
2 1 0 9 23.237
2 1 0 10 23.4497
2 1 0 11 23.4694
2 1 0 12 23.8321
2 1 0 13 22.9563
2 1 0 14 23.0762
2 1 0 15 22.5387
2 1 0 16 24.4475
2 1 0 17 23.458
2 1 0 18 24.1223
2 1 0 19 23.9059
2 1 0 20 24.0138
2 1 0 21 23.1799
2 1 0 22 22.7883
2 1 0 23 24.6541
2 1 1 0 22.5856
2 1 1 1 23.5385
2 1 1 2 22.073
2 1 1 3 21.9749
2 1 1 4 24.9297
2 1 1 5 23.7044
2 1 1 6 23.4489
2 1 1 7 24.5801
2 1 1 8 25.1975
2 1 1 9 25.9915
2 1 1 10 22.1073
2 1 1 11 22.9277
2 1 1 12 23.0315
2 1 1 13 24.1656
2 1 1 14 22.5058
2 1 1 15 22.2146
2 1 1 16 23.7688
2 1 1 17 23.6019
2 1 1 18 24.4181
2 1 1 19 23.5957
2 1 1 20 23.5419
2 1 1 21 22.0592
2 1 1 22 22.1369
2 1 1 23 23.7042
2 1 2 0 24.8363
2 1 2 1 23.6691
2 1 2 2 24.4265
2 1 2 3 24.8454
2 1 2 4 24.3334
2 1 2 5 23.8407
2 1 2 6 24.0666
2 1 2 7 24.8468
2 1 2 8 21.3355
2 1 2 9 23.0427
2 1 2 10 24.3565
2 1 2 11 24.7063
2 1 2 12 23.6591
2 1 2 13 24.8071
2 1 2 14 23.3448
2 1 2 15 23.9017
2 1 2 16 24.6957
2 1 2 17 21.6186
2 1 2 18 23.9979
2 1 2 19 23.9045
2 1 2 20 25.0875
2 1 2 21 23.5196
2 1 2 22 22.183
2 1 2 23 23.0041
2 1 3 0 23.1255
2 1 3 1 22.4047
2 1 3 2 23.2972
2 1 3 3 24.3021
2 1 3 4 24.7218
2 1 3 5 22.954
2 1 3 6 21.973
2 1 3 7 23.1907
2 1 3 8 23.2971
2 1 3 9 24.3629
2 1 3 10 22.6168
2 1 3 11 22.2309
2 1 3 12 21.3061
2 1 3 13 22.6798
2 1 3 14 21.3778
2 1 3 15 22.1604
2 1 3 16 22.854
2 1 3 17 23.7731
2 1 3 18 24.5403
2 1 3 19 23.8909
2 1 3 20 23.6453
2 1 3 21 23.6936
2 1 3 22 22.5834
2 1 3 23 23.957
2 1 4 0 23.272
2 1 4 1 24.0951
2 1 4 2 23.1119
2 1 4 3 23.2361
2 1 4 4 23.8017
2 1 4 5 23.5226
2 1 4 6 23.9661
2 1 4 7 23.6695
2 1 4 8 22.6874
2 1 4 9 23.2737
2 1 4 10 22.3633
2 1 4 11 22.3381
2 1 4 12 22.0641
2 1 4 13 22.9768
2 1 4 14 24.011
2 1 4 15 23.0876
2 1 4 16 23.173
2 1 4 17 23.9524
2 1 4 18 23.6532
2 1 4 19 23.9982
2 1 4 20 23.4129
2 1 4 21 22.5555
2 1 4 22 24.851
2 1 4 23 26.3138
2 1 5 0 23.3327
2 1 5 1 23.8084
2 1 5 2 22.6254
2 1 5 3 24.7
2 1 5 4 22.9551
2 1 5 5 24.8937
2 1 5 6 24.4729
2 1 5 7 24.1543
2 1 5 8 23.6405
2 1 5 9 20.167
2 1 5 10 24.226
2 1 5 11 24.4719
2 1 5 12 23.4225
2 1 5 13 23.7195
2 1 5 14 23.4626
2 1 5 15 20.0565
2 1 5 16 24.2867
2 1 5 17 22.3087
2 1 5 18 22.3561
2 1 5 19 23.2328
2 1 5 20 22.7129
2 1 5 21 23.5744
2 1 5 22 23.5863
2 1 5 23 22.6982
2 1 6 0 25.4482
2 1 6 1 24.373
2 1 6 2 26.1219
2 1 6 3 22.7975
2 1 6 4 26.5297
2 1 6 5 24.6158
2 1 6 6 25.5832
2 1 6 7 22.6249
2 1 6 8 24.7108
2 1 6 9 24.1992
2 1 6 10 24.6591
2 1 6 11 25.5372
2 1 6 12 24.2255
2 1 6 13 24.2313
2 1 6 14 24.4907
2 1 6 15 26.0134
2 1 6 16 23.3692
2 1 6 17 25.2641
2 1 6 18 25.1029
2 1 6 19 25.1139
2 1 6 20 26.223
2 1 6 21 26.0244
2 1 6 22 25.2845
2 1 6 23 23.7581
2 1 7 0 24.2238
2 1 7 1 23.2495
2 1 7 2 22.5996
2 1 7 3 22.8661
2 1 7 4 22.8034
2 1 7 5 24.4905
2 1 7 6 22.337
2 1 7 7 23.2899
2 1 7 8 25.2621
2 1 7 9 24.6503
2 1 7 10 21.7689
2 1 7 11 25.2193
2 1 7 12 24.0904
2 1 7 13 24.6723
2 1 7 14 23.8036
2 1 7 15 24.0251
2 1 7 16 24.1961
2 1 7 17 24.167
2 1 7 18 22.7642
2 1 7 19 25.683
2 1 7 20 24.8188
2 1 7 21 24.2719
2 1 7 22 22.1811
2 1 7 23 24.3731
2 1 8 0 24.305
2 1 8 1 23.8358
2 1 8 2 24.1408
2 1 8 3 23.4052
2 1 8 4 20.0805
2 1 8 5 24.7538
2 1 8 6 23.3239
2 1 8 7 22.7742
2 1 8 8 22.1947
2 1 8 9 21.4398
2 1 8 10 21.7201
2 1 8 11 22.4663
2 1 8 12 21.2243
2 1 8 13 24.374
2 1 8 14 23.5888
2 1 8 15 24.8895
2 1 8 16 23.3352
2 1 8 17 23.333
2 1 8 18 23.4996
2 1 8 19 25.4243
2 1 8 20 23.961
2 1 8 21 23.2735
2 1 8 22 22.9744
2 1 8 23 23.3851
2 1 9 0 23.349
2 1 9 1 24.0224
2 1 9 2 23.2781
2 1 9 3 25.0823
2 1 9 4 25.7882
2 1 9 5 26.5749
2 1 9 6 22.8514
2 1 9 7 25.6318
2 1 9 8 26.2217
2 1 9 9 26.2029
2 1 9 10 26.5995
2 1 9 11 25.8639
2 1 9 12 25.0256
2 1 9 13 26.2961
2 1 9 14 25.8434
2 1 9 15 27.1613
2 1 9 16 25.7478
2 1 9 17 26.7501
2 1 9 18 25.855
2 1 9 19 27.592
2 1 9 20 25.2755
2 1 9 21 27.5251
2 1 9 22 24.111
2 1 9 23 25.9015
2 1 10 0 22.4523
2 1 10 1 20.5264
2 1 10 2 22.1237
2 1 10 3 24.5545
2 1 10 4 24.5032
2 1 10 5 21.7224
2 1 10 6 19.9321
2 1 10 7 21.6745
2 1 10 8 22.7841
2 1 10 9 24.6384
2 1 10 10 24.9443
2 1 10 11 23.214
2 1 10 12 22.6226
2 1 10 13 24.0296
2 1 10 14 25.2822
2 1 10 15 22.8288
2 1 10 16 22.5223
2 1 10 17 22.7896
2 1 10 18 22.936
2 1 10 19 21.8985
2 1 10 20 24.3682
2 1 10 21 24.276
2 1 10 22 24.5558
2 1 10 23 24.6602
3 0 0 0 24.0403
3 0 0 1 20.6842
3 0 0 2 23.716
3 0 0 3 22.6704
3 0 0 4 22.8895
3 0 0 5 22.3738
3 0 0 6 23.114
3 0 0 7 22.7926
3 0 0 8 22.2391
3 0 0 9 23.0054
3 0 0 10 23.6494
3 0 0 11 22.4791
3 0 0 12 21.2082
3 0 0 13 23.5123
3 0 0 14 21.9292
3 0 0 15 23.1268
3 0 0 16 22.1842
3 0 0 17 23.0566
3 0 0 18 22.8998
3 0 0 19 22.6205
3 0 0 20 23.0759
3 0 0 21 21.3385
3 0 0 22 22.1342
3 0 0 23 24.2323
3 0 1 0 23.7713
3 0 1 1 23.4348
3 0 1 2 22.3763
3 0 1 3 21.6585
3 0 1 4 21.0829
3 0 1 5 20.811
3 0 1 6 19.5843
3 0 1 7 21.6239
3 0 1 8 20.2878
3 0 1 9 23.5324
3 0 1 10 23.8831
3 0 1 11 23.1183
3 0 1 12 22.8574
3 0 1 13 23.2179
3 0 1 14 23.5454
3 0 1 15 21.0323
3 0 1 16 23.65
3 0 1 17 23.4044
3 0 1 18 25.0652
3 0 1 19 22.872
3 0 1 20 22.3384
3 0 1 21 22.4781
3 0 1 22 23.4489
3 0 1 23 23.9817
3 0 2 0 20.9616
3 0 2 1 19.8453
3 0 2 2 23.534
3 0 2 3 22.4475
3 0 2 4 19.5883
3 0 2 5 23.3433
3 0 2 6 21.1898
3 0 2 7 21.1063
3 0 2 8 21.2899
3 0 2 9 23.5459
3 0 2 10 19.9417
3 0 2 11 22.0316
3 0 2 12 19.6728
3 0 2 13 22.8133
3 0 2 14 20.1323
3 0 2 15 22.4039
3 0 2 16 19.8874
3 0 2 17 22.0845
3 0 2 18 22.9672
3 0 2 19 23.1196
3 0 2 20 23.7022
3 0 2 21 22.6124
3 0 2 22 20.2641
3 0 2 23 20.2547
3 0 3 0 23.0255
3 0 3 1 22.5369
3 0 3 2 22.3661
3 0 3 3 22.7595
3 0 3 4 22.5418
3 0 3 5 22.8522
3 0 3 6 23.6698
3 0 3 7 23.0905
3 0 3 8 23.2841
3 0 3 9 22.678
3 0 3 10 22.6914
3 0 3 11 23.5995
3 0 3 12 21.7831
3 0 3 13 23.126
3 0 3 14 22.6417
3 0 3 15 23.6461
3 0 3 16 21.2888
3 0 3 17 23.3228
3 0 3 18 22.9565
3 0 3 19 23.3997
3 0 3 20 23.943
3 0 3 21 23.8195
3 0 3 22 22.9269
3 0 3 23 23.2988
3 0 4 0 24.3109
3 0 4 1 23.2352
3 0 4 2 25.098
3 0 4 3 22.3443
3 0 4 4 22.6738
3 0 4 5 23.6146
3 0 4 6 23.0216
3 0 4 7 23.1742
3 0 4 8 24.3821
3 0 4 9 23.8937
3 0 4 10 23.6149
3 0 4 11 23.105
3 0 4 12 23.1331
3 0 4 13 23.9377
3 0 4 14 24.7078
3 0 4 15 23.2729
3 0 4 16 24.1093
3 0 4 17 23.7016
3 0 4 18 22.8398
3 0 4 19 24.6978
3 0 4 20 23.2478
3 0 4 21 24.7821
3 0 4 22 24.4936
3 0 4 23 25.5419
3 0 5 0 24.8443
3 0 5 1 24.419
3 0 5 2 25.3463
3 0 5 3 25.2695
3 0 5 4 26.0523
3 0 5 5 24.9535
3 0 5 6 23.0239
3 0 5 7 24.9572
3 0 5 8 25.1092
3 0 5 9 26.2784
3 0 5 10 25.2037
3 0 5 11 25.4532
3 0 5 12 24.7937
3 0 5 13 24.3724
3 0 5 14 25.9752
3 0 5 15 24.1307
3 0 5 16 24.6467
3 0 5 17 25.0122
3 0 5 18 25.2944
3 0 5 19 25.0091
3 0 5 20 25.2099
3 0 5 21 24.9105
3 0 5 22 24.3184
3 0 5 23 24.0978
3 0 6 0 21.3297
3 0 6 1 20.0648
3 0 6 2 22.8259
3 0 6 3 24.3469
3 0 6 4 19.7685
3 0 6 5 19.844
3 0 6 6 17.7723
3 0 6 7 21.0784
3 0 6 8 21.006
3 0 6 9 23.1233
3 0 6 10 21.2594
3 0 6 11 19.1725
3 0 6 12 18.8047
3 0 6 13 17.6543
3 0 6 14 22.2745
3 0 6 15 20.9565
3 0 6 16 18.9535
3 0 6 17 18.9517
3 0 6 18 19.0709
3 0 6 19 20.4966
3 0 6 20 20.033
3 0 6 21 24.4801
3 0 6 22 19.3823
3 0 6 23 19.5382
3 0 7 0 21.821
3 0 7 1 20.532
3 0 7 2 25.407
3 0 7 3 22.9754
3 0 7 4 22.4434
3 0 7 5 24.078
3 0 7 6 22.5784
3 0 7 7 25.4478
3 0 7 8 19.2254
3 0 7 9 21.4676
3 0 7 10 20.5411
3 0 7 11 21.4209
3 0 7 12 23.7201
3 0 7 13 23.4316
3 0 7 14 24.8742
3 0 7 15 22.5554
3 0 7 16 26.1444
3 0 7 17 25.5922
3 0 7 18 25.157
3 0 7 19 25.4511
3 0 7 20 23.446
3 0 7 21 23.8933
3 0 7 22 24.8724
3 0 7 23 20.7859
3 0 8 0 24.6099
3 0 8 1 24.0575
3 0 8 2 23.4156
3 0 8 3 23.4826
3 0 8 4 24.2707
3 0 8 5 23.8762
3 0 8 6 23.9936
3 0 8 7 23.8156
3 0 8 8 24.0219
3 0 8 9 24.1776
3 0 8 10 23.75
3 0 8 11 24.9124
3 0 8 12 23.0273
3 0 8 13 25.5469
3 0 8 14 24.5765
3 0 8 15 23.1883
3 0 8 16 23.6764
3 0 8 17 25.8829
3 0 8 18 21.88
3 0 8 19 24.9575
3 0 8 20 21.9785
3 0 8 21 21.7899
3 0 8 22 22.2591
3 0 8 23 23.772
3 0 9 0 24.3403
3 0 9 1 23.3664
3 0 9 2 22.9188
3 0 9 3 22.4749
3 0 9 4 23.8744
3 0 9 5 23.7214
3 0 9 6 22.6392
3 0 9 7 24.5221
3 0 9 8 23.4993
3 0 9 9 23.9581
3 0 9 10 23.6486
3 0 9 11 23.8525
3 0 9 12 23.1754
3 0 9 13 22.4271
3 0 9 14 20.8943
3 0 9 15 23.0728
3 0 9 16 23.114
3 0 9 17 25.8152
3 0 9 18 24.2615
3 0 9 19 23.8479
3 0 9 20 25.2124
3 0 9 21 22.9557
3 0 9 22 23.8647
3 0 9 23 24.8762
3 0 10 0 25.5502
3 0 10 1 25.6219
3 0 10 2 25.1042
3 0 10 3 26.4611
3 0 10 4 27.0615
3 0 10 5 27.7191
3 0 10 6 27.2692
3 0 10 7 28.2364
3 0 10 8 25.2364
3 0 10 9 25.8899
3 0 10 10 24.5663
3 0 10 11 25.32
3 0 10 12 24.2279
3 0 10 13 25.6409
3 0 10 14 0
3 0 10 15 23.5488
3 0 10 16 26.3814
3 0 10 17 25.1806
3 0 10 18 24.9423
3 0 10 19 23.3606
3 0 10 20 25.8758
3 0 10 21 25.3678
3 0 10 22 25.6929
3 0 10 23 24.8473
3 1 0 0 22.4443
3 1 0 1 22.6641
3 1 0 2 21.0216
3 1 0 3 22.0926
3 1 0 4 22.3984
3 1 0 5 22.2013
3 1 0 6 22.1962
3 1 0 7 21.9789
3 1 0 8 22.6275
3 1 0 9 21.1473
3 1 0 10 22.2605
3 1 0 11 21.3849
3 1 0 12 22.1387
3 1 0 13 22.4018
3 1 0 14 21.8391
3 1 0 15 22.1395
3 1 0 16 23.4797
3 1 0 17 22.942
3 1 0 18 22.6275
3 1 0 19 22.3634
3 1 0 20 23.855
3 1 0 21 23.385
3 1 0 22 22.1849
3 1 0 23 22.7867
3 1 1 0 22.9173
3 1 1 1 22.6855
3 1 1 2 22.6558
3 1 1 3 23.6431
3 1 1 4 22.4942
3 1 1 5 22.9971
3 1 1 6 22.8089
3 1 1 7 21.452
3 1 1 8 23.6792
3 1 1 9 21.4123
3 1 1 10 21.9315
3 1 1 11 22.7162
3 1 1 12 22.005
3 1 1 13 21.6676
3 1 1 14 23.3128
3 1 1 15 22.8098
3 1 1 16 23.6438
3 1 1 17 22.2457
3 1 1 18 23.9511
3 1 1 19 22.8743
3 1 1 20 24.0188
3 1 1 21 22.6172
3 1 1 22 23.7921
3 1 1 23 23.7039
3 1 2 0 22.4254
3 1 2 1 21.839
3 1 2 2 23.672
3 1 2 3 23.0499
3 1 2 4 23.6228
3 1 2 5 20.0004
3 1 2 6 22.8303
3 1 2 7 19.6526
3 1 2 8 19.2313
3 1 2 9 20.0721
3 1 2 10 22.5346
3 1 2 11 18.1342
3 1 2 12 21.018
3 1 2 13 18.576
3 1 2 14 24.3841
3 1 2 15 21.1191
3 1 2 16 20.3459
3 1 2 17 22.4372
3 1 2 18 22.5859
3 1 2 19 21.9733
3 1 2 20 22.9277
3 1 2 21 22.8759
3 1 2 22 21.4251
3 1 2 23 20.8041
3 1 3 0 23.9122
3 1 3 1 22.193
3 1 3 2 23.5161
3 1 3 3 21.9427
3 1 3 4 21.942
3 1 3 5 23.0646
3 1 3 6 21.4626
3 1 3 7 22.5913
3 1 3 8 23.1912
3 1 3 9 22.0346
3 1 3 10 23.6307
3 1 3 11 23.6442
3 1 3 12 22.2668
3 1 3 13 23.9605
3 1 3 14 22.8504
3 1 3 15 21.7519
3 1 3 16 22.9669
3 1 3 17 21.587
3 1 3 18 22.6925
3 1 3 19 21.8215
3 1 3 20 22.4846
3 1 3 21 22.3582
3 1 3 22 21.2481
3 1 3 23 25.1512
3 1 4 0 23.6975
3 1 4 1 24.2879
3 1 4 2 23.0963
3 1 4 3 23.4416
3 1 4 4 23.9196
3 1 4 5 23.7448
3 1 4 6 21.5108
3 1 4 7 22.7955
3 1 4 8 23.4123
3 1 4 9 21.4835
3 1 4 10 24.1255
3 1 4 11 23.0514
3 1 4 12 20.4752
3 1 4 13 20.7732
3 1 4 14 22.4633
3 1 4 15 21.5989
3 1 4 16 22.7183
3 1 4 17 24.7744
3 1 4 18 23.2926
3 1 4 19 23.6154
3 1 4 20 23.1791
3 1 4 21 22.4833
3 1 4 22 21.7975
3 1 4 23 22.5534
3 1 5 0 22.9857
3 1 5 1 24.3132
3 1 5 2 23.6099
3 1 5 3 22.6885
3 1 5 4 23.2656
3 1 5 5 24.681
3 1 5 6 23.7152
3 1 5 7 22.0019
3 1 5 8 23.5855
3 1 5 9 23.7273
3 1 5 10 24.138
3 1 5 11 22.2073
3 1 5 12 20.8731
3 1 5 13 25.5816
3 1 5 14 23.1087
3 1 5 15 22.413
3 1 5 16 23.0468
3 1 5 17 21.8154
3 1 5 18 22.3496
3 1 5 19 23.9049
3 1 5 20 22.2332
3 1 5 21 24.0691
3 1 5 22 23.8195
3 1 5 23 21.4736
3 1 6 0 22.4016
3 1 6 1 23.5185
3 1 6 2 21.6105
3 1 6 3 23.7676
3 1 6 4 23.5494
3 1 6 5 21.7406
3 1 6 6 22.2546
3 1 6 7 24.4138
3 1 6 8 23.4306
3 1 6 9 24.5461
3 1 6 10 22.5361
3 1 6 11 21.29
3 1 6 12 20.5449
3 1 6 13 21.6468
3 1 6 14 20.7079
3 1 6 15 20.0121
3 1 6 16 23.6825
3 1 6 17 23.9143
3 1 6 18 23.1845
3 1 6 19 19.7531
3 1 6 20 20.8245
3 1 6 21 24.0629
3 1 6 22 23.6425
3 1 6 23 21.9545
3 1 7 0 24.0659
3 1 7 1 26.8321
3 1 7 2 23.9566
3 1 7 3 24.2527
3 1 7 4 25.3682
3 1 7 5 23.7365
3 1 7 6 23.4924
3 1 7 7 23.3262
3 1 7 8 23.7653
3 1 7 9 24.9498
3 1 7 10 23.0169
3 1 7 11 21.9428
3 1 7 12 25.268
3 1 7 13 25.5432
3 1 7 14 26.2852
3 1 7 15 25.8954
3 1 7 16 25.2155
3 1 7 17 25.4264
3 1 7 18 24.5837
3 1 7 19 26.0847
3 1 7 20 25.7339
3 1 7 21 24.578
3 1 7 22 22.2646
3 1 7 23 20.5751
3 1 8 0 24.4957
3 1 8 1 25.0084
3 1 8 2 22.8474
3 1 8 3 24.9878
3 1 8 4 22.0816
3 1 8 5 24.8785
3 1 8 6 24.3713
3 1 8 7 25.4362
3 1 8 8 25.3176
3 1 8 9 24.8309
3 1 8 10 24.8885
3 1 8 11 22.3322
3 1 8 12 21.6102
3 1 8 13 22.5652
3 1 8 14 24.1332
3 1 8 15 22.0979
3 1 8 16 24.1494
3 1 8 17 22.8228
3 1 8 18 23.865
3 1 8 19 25.3627
3 1 8 20 24.9468
3 1 8 21 24.5985
3 1 8 22 25.3081
3 1 8 23 25.9298
3 1 9 0 22.26
3 1 9 1 22.2646
3 1 9 2 21.6265
3 1 9 3 21.2757
3 1 9 4 23.1825
3 1 9 5 22.1052
3 1 9 6 21.8621
3 1 9 7 21.0372
3 1 9 8 21.482
3 1 9 9 22.8399
3 1 9 10 23.5325
3 1 9 11 23.2119
3 1 9 12 23.1884
3 1 9 13 23.2281
3 1 9 14 24.5979
3 1 9 15 22.4331
3 1 9 16 18.5627
3 1 9 17 24.1448
3 1 9 18 25.997
3 1 9 19 24.2688
3 1 9 20 22.0838
3 1 9 21 22.9697
3 1 9 22 21.5074
3 1 9 23 24.3715
3 1 10 0 22.3484
3 1 10 1 23.6823
3 1 10 2 23.0652
3 1 10 3 23.6333
3 1 10 4 22.4682
3 1 10 5 22.3809
3 1 10 6 21.9765
3 1 10 7 22.2929
3 1 10 8 23.5134
3 1 10 9 23.3635
3 1 10 10 23.3386
3 1 10 11 24.8638
3 1 10 12 23.1076
3 1 10 13 22.1963
3 1 10 14 23.2736
3 1 10 15 22.6293
3 1 10 16 24.132
3 1 10 17 24.3342
3 1 10 18 22.5869
3 1 10 19 23.8739
3 1 10 20 25.0151
3 1 10 21 23.1518
3 1 10 22 24.5871
3 1 10 23 23.6241
4 0 0 0 24.5529
4 0 0 1 24.4647
4 0 0 2 24.3668
4 0 0 3 24.7289
4 0 0 4 24.6406
4 0 0 5 24.2967
4 0 0 6 25.0791
4 0 0 7 19.391
4 0 0 8 22.7654
4 0 0 9 23.4468
4 0 0 10 22.9957
4 0 0 11 23.3289
4 0 0 12 24.2991
4 0 0 13 22.9831
4 0 0 14 22.6086
4 0 0 15 23.6538
4 0 0 16 23.5786
4 0 0 17 24.0762
4 0 0 18 22.3609
4 0 0 19 23.1344
4 0 0 20 21.5727
4 0 0 21 21.589
4 0 0 22 20.9543
4 0 0 23 24.4848
4 0 1 0 25.3329
4 0 1 1 23.6365
4 0 1 2 24.6688
4 0 1 3 24.1035
4 0 1 4 25.5504
4 0 1 5 22.3113
4 0 1 6 24.4837
4 0 1 7 25.5615
4 0 1 8 24.7517
4 0 1 9 23.0788
4 0 1 10 22.7434
4 0 1 11 23.4661
4 0 1 12 27.0303
4 0 1 13 24.3572
4 0 1 14 25.6266
4 0 1 15 21.504
4 0 1 16 25.2074
4 0 1 17 25.7078
4 0 1 18 23.2008
4 0 1 19 25.2479
4 0 1 20 26.0926
4 0 1 21 24.5925
4 0 1 22 25.4237
4 0 1 23 24.4726
4 0 2 0 22.8774
4 0 2 1 21.6632
4 0 2 2 23.6494
4 0 2 3 24.2186
4 0 2 4 25.6063
4 0 2 5 24.9929
4 0 2 6 26.6686
4 0 2 7 24.2788
4 0 2 8 24.9261
4 0 2 9 24.3188
4 0 2 10 24.5028
4 0 2 11 23.6081
4 0 2 12 23.7689
4 0 2 13 23.8945
4 0 2 14 25.0486
4 0 2 15 23.8736
4 0 2 16 23.3514
4 0 2 17 23.664
4 0 2 18 23.8343
4 0 2 19 23.5344
4 0 2 20 24.3622
4 0 2 21 24.3325
4 0 2 22 23.4798
4 0 2 23 24.2671
4 0 3 0 23.7985
4 0 3 1 25.1139
4 0 3 2 26.328
4 0 3 3 26.0654
4 0 3 4 22.3892
4 0 3 5 25.8583
4 0 3 6 23.8988
4 0 3 7 23.0758
4 0 3 8 25.5141
4 0 3 9 24.7015
4 0 3 10 25.7873
4 0 3 11 25.2425
4 0 3 12 25.9708
4 0 3 13 26.2193
4 0 3 14 26.1336
4 0 3 15 26.594
4 0 3 16 25.184
4 0 3 17 23.9949
4 0 3 18 25.325
4 0 3 19 25.5314
4 0 3 20 26.3402
4 0 3 21 25.6809
4 0 3 22 24.624
4 0 3 23 25.5262
4 0 4 0 23.7832
4 0 4 1 23.9754
4 0 4 2 23.0284
4 0 4 3 23.9488
4 0 4 4 24.3073
4 0 4 5 24.3428
4 0 4 6 24.7736
4 0 4 7 25.2782
4 0 4 8 24.6722
4 0 4 9 24.3283
4 0 4 10 23.5105
4 0 4 11 23.9134
4 0 4 12 23.4166
4 0 4 13 24.5346
4 0 4 14 25.2507
4 0 4 15 25.194
4 0 4 16 23.7573
4 0 4 17 24.4654
4 0 4 18 23.9875
4 0 4 19 22.1752
4 0 4 20 24.2285
4 0 4 21 24.0547
4 0 4 22 24.4362
4 0 4 23 23.4442
4 0 5 0 23.2548
4 0 5 1 24.0877
4 0 5 2 23.9255
4 0 5 3 23.8183
4 0 5 4 23.1524
4 0 5 5 23.618
4 0 5 6 22.018
4 0 5 7 24.5123
4 0 5 8 24.7023
4 0 5 9 25.8102
4 0 5 10 25.0028
4 0 5 11 25.5247
4 0 5 12 25.3552
4 0 5 13 25.1309
4 0 5 14 22.585
4 0 5 15 24.7213
4 0 5 16 24.6114
4 0 5 17 26.441
4 0 5 18 25.0282
4 0 5 19 25.4809
4 0 5 20 25.1837
4 0 5 21 23.7712
4 0 5 22 26.1588
4 0 5 23 25.9009
4 0 6 0 24.3084
4 0 6 1 25.1081
4 0 6 2 24.3998
4 0 6 3 23.4316
4 0 6 4 23.5225
4 0 6 5 22.6743
4 0 6 6 24.8917
4 0 6 7 26.6812
4 0 6 8 26.1
4 0 6 9 26.0498
4 0 6 10 23.734
4 0 6 11 25.4603
4 0 6 12 24.563
4 0 6 13 25.4511
4 0 6 14 25.6819
4 0 6 15 25.9318
4 0 6 16 25.4606
4 0 6 17 25.5982
4 0 6 18 25.2859
4 0 6 19 26.278
4 0 6 20 26.8065
4 0 6 21 25.6763
4 0 6 22 25.0024
4 0 6 23 22.7955
4 0 7 0 22.4733
4 0 7 1 21.5476
4 0 7 2 21.6746
4 0 7 3 25.1056
4 0 7 4 24.1889
4 0 7 5 22.9345
4 0 7 6 24.0791
4 0 7 7 20.149
4 0 7 8 22.5791
4 0 7 9 23.3707
4 0 7 10 23.3297
4 0 7 11 22.7497
4 0 7 12 23.6811
4 0 7 13 22.8164
4 0 7 14 24.7764
4 0 7 15 23.3494
4 0 7 16 22.3604
4 0 7 17 24.0697
4 0 7 18 25.4667
4 0 7 19 24.3033
4 0 7 20 23.6869
4 0 7 21 23.3744
4 0 7 22 24.4031
4 0 7 23 24.7925
4 0 8 0 21.7529
4 0 8 1 24.0742
4 0 8 2 19.6935
4 0 8 3 23.906
4 0 8 4 24.501
4 0 8 5 24.2311
4 0 8 6 24.6997
4 0 8 7 22.4449
4 0 8 8 24.3916
4 0 8 9 25.2999
4 0 8 10 24.4637
4 0 8 11 25.821
4 0 8 12 24.5635
4 0 8 13 24.2092
4 0 8 14 25.7484
4 0 8 15 24.7367
4 0 8 16 24.403
4 0 8 17 24.4394
4 0 8 18 25.2951
4 0 8 19 25.7223
4 0 8 20 23.9498
4 0 8 21 23.3867
4 0 8 22 24.5242
4 0 8 23 24.4723
4 0 9 0 23.3889
4 0 9 1 25.0244
4 0 9 2 26.4439
4 0 9 3 25.8898
4 0 9 4 25.5576
4 0 9 5 26.2873
4 0 9 6 26.6536
4 0 9 7 26.0324
4 0 9 8 25.5867
4 0 9 9 25.418
4 0 9 10 25.6417
4 0 9 11 25.4148
4 0 9 12 25.7672
4 0 9 13 24.8469
4 0 9 14 24.9013
4 0 9 15 24.7797
4 0 9 16 25.5292
4 0 9 17 25.295
4 0 9 18 26.0302
4 0 9 19 25.2108
4 0 9 20 26.9822
4 0 9 21 25.2861
4 0 9 22 25.1192
4 0 9 23 24.0996
4 0 10 0 20.2744
4 0 10 1 23.6556
4 0 10 2 22.827
4 0 10 3 21.2673
4 0 10 4 20.5871
4 0 10 5 24.5471
4 0 10 6 22.299
4 0 10 7 23.5282
4 0 10 8 23.5414
4 0 10 9 20.8862
4 0 10 10 22.5864
4 0 10 11 22.9398
4 0 10 12 20.494
4 0 10 13 22.9832
4 0 10 14 21.5117
4 0 10 15 24.2353
4 0 10 16 22.9481
4 0 10 17 22.893
4 0 10 18 24.2118
4 0 10 19 22.6925
4 0 10 20 21.691
4 0 10 21 23.019
4 0 10 22 22.2493
4 0 10 23 23.5741
4 1 0 0 24.107
4 1 0 1 23.8009
4 1 0 2 22.513
4 1 0 3 22.7226
4 1 0 4 24.2755
4 1 0 5 24.3012
4 1 0 6 23.7862
4 1 0 7 23.5251
4 1 0 8 22.6827
4 1 0 9 21.3663
4 1 0 10 22.0259
4 1 0 11 22.7027
4 1 0 12 20.6891
4 1 0 13 21.7485
4 1 0 14 22.221
4 1 0 15 0
4 1 0 16 21.418
4 1 0 17 21.9602
4 1 0 18 21.7169
4 1 0 19 22.681
4 1 0 20 22.9153
4 1 0 21 21.8927
4 1 0 22 21.6543
4 1 0 23 21.9731
4 1 1 0 22.584
4 1 1 1 24.5948
4 1 1 2 22.0517
4 1 1 3 25.4026
4 1 1 4 25.0655
4 1 1 5 24.2052
4 1 1 6 22.8219
4 1 1 7 25.3362
4 1 1 8 22.574
4 1 1 9 25.0363
4 1 1 10 24.9303
4 1 1 11 24.2733
4 1 1 12 22.6583
4 1 1 13 24.9469
4 1 1 14 23.5158
4 1 1 15 24.3889
4 1 1 16 22.6108
4 1 1 17 24.8141
4 1 1 18 24.4234
4 1 1 19 25.492
4 1 1 20 25.0689
4 1 1 21 24.5327
4 1 1 22 22.6275
4 1 1 23 25.2702
4 1 2 0 24.6487
4 1 2 1 26.5862
4 1 2 2 25.9348
4 1 2 3 26.9338
4 1 2 4 24.9985
4 1 2 5 25.9024
4 1 2 6 27.0948
4 1 2 7 25.6562
4 1 2 8 24.1215
4 1 2 9 25.1052
4 1 2 10 25.2781
4 1 2 11 25.6054
4 1 2 12 23.761
4 1 2 13 24.5417
4 1 2 14 24.7258
4 1 2 15 25.0513
4 1 2 16 25.6705
4 1 2 17 25.5926
4 1 2 18 25.1521
4 1 2 19 25.3687
4 1 2 20 22.0542
4 1 2 21 23.3684
4 1 2 22 23.3298
4 1 2 23 22.964
4 1 3 0 25.9469
4 1 3 1 25.8802
4 1 3 2 22.0316
4 1 3 3 24.9448
4 1 3 4 26.7229
4 1 3 5 26.8934
4 1 3 6 25.6919
4 1 3 7 25.4862
4 1 3 8 25.7148
4 1 3 9 23.9452
4 1 3 10 25.4999
4 1 3 11 25.024
4 1 3 12 23.7807
4 1 3 13 23.242
4 1 3 14 24.938
4 1 3 15 24.2497
4 1 3 16 21.8527
4 1 3 17 23.667
4 1 3 18 24.0394
4 1 3 19 26.2477
4 1 3 20 25.526
4 1 3 21 25.5259
4 1 3 22 25.5186
4 1 3 23 23.7667
4 1 4 0 25.404
4 1 4 1 24.7017
4 1 4 2 24.4308
4 1 4 3 23.887
4 1 4 4 26.3393
4 1 4 5 24.9233
4 1 4 6 24.9008
4 1 4 7 26.2901
4 1 4 8 25.3547
4 1 4 9 23.5916
4 1 4 10 24.8411
4 1 4 11 24.4083
4 1 4 12 24.4013
4 1 4 13 24.1542
4 1 4 14 0
4 1 4 15 24.2907
4 1 4 16 25.8257
4 1 4 17 25.6422
4 1 4 18 24.5839
4 1 4 19 24.082
4 1 4 20 26.3689
4 1 4 21 25.9911
4 1 4 22 25.9507
4 1 4 23 25.4117
4 1 5 0 24.4295
4 1 5 1 22.7165
4 1 5 2 24.4021
4 1 5 3 25.3593
4 1 5 4 25.8114
4 1 5 5 23.473
4 1 5 6 22.9466
4 1 5 7 24.1712
4 1 5 8 23.5178
4 1 5 9 23.4855
4 1 5 10 24.3262
4 1 5 11 22.3326
4 1 5 12 22.9123
4 1 5 13 25.6154
4 1 5 14 24.1766
4 1 5 15 23.0543
4 1 5 16 23.7349
4 1 5 17 25.9608
4 1 5 18 25.7642
4 1 5 19 22.7262
4 1 5 20 24.5085
4 1 5 21 23.7528
4 1 5 22 24.2171
4 1 5 23 24.234
4 1 6 0 25.602
4 1 6 1 23.6897
4 1 6 2 24.5273
4 1 6 3 24.3211
4 1 6 4 25.9316
4 1 6 5 24.6545
4 1 6 6 26.0639
4 1 6 7 25.4039
4 1 6 8 24.0034
4 1 6 9 24.271
4 1 6 10 24.273
4 1 6 11 23.9643
4 1 6 12 23.7865
4 1 6 13 23.8915
4 1 6 14 23.7931
4 1 6 15 23.8467
4 1 6 16 26.8232
4 1 6 17 25.6639
4 1 6 18 26.031
4 1 6 19 25.928
4 1 6 20 23.2365
4 1 6 21 24.3714
4 1 6 22 25.2359
4 1 6 23 23.4602
4 1 7 0 22.831
4 1 7 1 24.7334
4 1 7 2 24.6283
4 1 7 3 27.3164
4 1 7 4 25.9147
4 1 7 5 24.4906
4 1 7 6 23.5055
4 1 7 7 24.8129
4 1 7 8 23.9699
4 1 7 9 23.4777
4 1 7 10 22.2849
4 1 7 11 21.5278
4 1 7 12 23.415
4 1 7 13 24.5159
4 1 7 14 23.2648
4 1 7 15 24.1163
4 1 7 16 23.5357
4 1 7 17 24.8726
4 1 7 18 24.5602
4 1 7 19 24.1103
4 1 7 20 25.2978
4 1 7 21 0
4 1 7 22 23.5065
4 1 7 23 23.655
4 1 8 0 23.5087
4 1 8 1 22.696
4 1 8 2 23.1056
4 1 8 3 23.7138
4 1 8 4 23.004
4 1 8 5 24.2414
4 1 8 6 22.8955
4 1 8 7 21.1546
4 1 8 8 21.6419
4 1 8 9 23.8794
4 1 8 10 22.5529
4 1 8 11 23.1693
4 1 8 12 22.8605
4 1 8 13 25.0051
4 1 8 14 23.323
4 1 8 15 25.5064
4 1 8 16 21.9544
4 1 8 17 24.5967
4 1 8 18 23.5071
4 1 8 19 24.7521
4 1 8 20 23.7926
4 1 8 21 24.2974
4 1 8 22 19.4997
4 1 8 23 24.6333
4 1 9 0 27.1891
4 1 9 1 21.6937
4 1 9 2 21.9646
4 1 9 3 23.4091
4 1 9 4 24.2892
4 1 9 5 23.92
4 1 9 6 26.8357
4 1 9 7 22.5698
4 1 9 8 24.0485
4 1 9 9 24.5829
4 1 9 10 25.9339
4 1 9 11 25.8443
4 1 9 12 23.5433
4 1 9 13 25.4918
4 1 9 14 24.8543
4 1 9 15 26.3261
4 1 9 16 26.8121
4 1 9 17 23.2894
4 1 9 18 24.7351
4 1 9 19 23.7024
4 1 9 20 24.3784
4 1 9 21 23.6518
4 1 9 22 23.8161
4 1 9 23 24.0914
4 1 10 0 24.2618
4 1 10 1 22.8047
4 1 10 2 21.2401
4 1 10 3 23.5591
4 1 10 4 24.3149
4 1 10 5 24.4016
4 1 10 6 23.6249
4 1 10 7 24.2366
4 1 10 8 22.4377
4 1 10 9 0
4 1 10 10 23.4081
4 1 10 11 22.3049
4 1 10 12 22.9391
4 1 10 13 23.5601
4 1 10 14 24.0607
4 1 10 15 23.2764
4 1 10 16 22.5026
4 1 10 17 24.3561
4 1 10 18 22.7006
4 1 10 19 24.6077
4 1 10 20 24.0496
4 1 10 21 24.3059
4 1 10 22 21.3092
4 1 10 23 24.9705
