15 0 0 0 14.6266
15 0 0 1 14.3412
15 0 0 2 13.9146
15 0 0 3 13.0145
15 0 0 4 14.0299
15 0 0 5 14.1884
15 0 0 6 13.8804
15 0 0 7 14.3705
15 0 0 8 14.7958
15 0 0 9 13.8854
15 0 0 10 13.808
15 0 0 11 14.3443
15 0 0 12 14.3738
15 0 0 13 14.3494
15 0 0 14 14.8538
15 0 0 15 14.5835
15 0 0 16 14.1483
15 0 0 17 14.1385
15 0 0 18 13.9239
15 0 0 19 14.7292
15 0 0 20 0
15 0 0 21 0
15 0 0 22 13.509
15 0 0 23 15.8401
15 0 0 24 14.0806
15 0 0 25 13.9637
15 0 0 26 0
15 0 0 27 0
15 0 0 28 0
15 0 0 29 13.6589
15 0 0 30 0
15 0 0 31 14.461
15 0 0 32 14.3141
15 0 0 33 14.9885
15 0 0 34 14.5331
15 0 0 35 13.8092
15 0 0 36 14.0746
15 0 0 37 14.174
15 0 0 38 14.162
15 0 0 39 0
15 0 0 40 14.2565
15 0 0 41 12.8869
15 0 0 42 13.715
15 0 0 43 13.1768
15 0 0 44 15.2726
15 0 0 45 13.5527
15 0 0 46 15.1837
15 0 0 47 13.5031
15 0 0 48 12.4106
15 0 0 49 14.8469
15 0 0 50 13.7635
15 0 0 51 13.6486
15 0 0 52 13.3243
15 0 0 53 13.43
15 0 0 54 0
15 0 0 55 15.7939
15 0 0 56 14.3951
15 0 0 57 13.682
15 0 0 58 13.8294
15 0 0 59 12.6413
15 0 0 60 15.3759
15 0 0 61 12.1245
15 0 0 62 14.5188
15 0 0 63 13.5946
15 0 0 64 15.7911
15 0 0 65 14.537
15 0 0 66 13.7615
15 0 0 67 13.4774
15 0 0 68 14.9489
15 0 0 69 14.2491
15 0 0 70 14.4337
15 0 0 71 13.0568
15 0 0 72 13.2271
15 0 0 73 14.1638
15 0 0 74 14.3875
15 0 0 75 14.3203
15 0 0 76 12.4592
15 0 0 77 13.9551
15 0 0 78 0
15 0 0 79 13.7381
15 0 1 0 14.1394
15 0 1 1 14.1083
15 0 1 2 13.7742
15 0 1 3 14.5376
15 0 1 4 14.9843
15 0 1 5 14.6765
15 0 1 6 14.0028
15 0 1 7 14.8709
15 0 1 8 14.3427
15 0 1 9 14.9922
15 0 1 10 14.4744
15 0 1 11 13.8001
15 0 1 12 14.178
15 0 1 13 13.9559
15 0 1 14 14.9499
15 0 1 15 14.7191
15 0 1 16 13.8436
15 0 1 17 13.9782
15 0 1 18 14.0283
15 0 1 19 14.2967
15 0 1 20 13.7759
15 0 1 21 14.3903
15 0 1 22 15.3914
15 0 1 23 13.7311
15 0 1 24 14.7264
15 0 1 25 14.2303
15 0 1 26 14.2729
15 0 1 27 14.1187
15 0 1 28 14.6239
15 0 1 29 14.8004
15 0 1 30 14.4071
15 0 1 31 14.4224
15 0 1 32 14.8627
15 0 1 33 14.8704
15 0 1 34 14.7689
15 0 1 35 14.4179
15 0 1 36 14.2324
15 0 1 37 14.5666
15 0 1 38 13.8727
15 0 1 39 14.1543
15 0 1 40 14.1199
15 0 1 41 15.4657
15 0 1 42 13.2083
15 0 1 43 13.8093
15 0 1 44 14.4152
15 0 1 45 13.6985
15 0 1 46 14.6486
15 0 1 47 14.2373
15 0 1 48 14.2012
15 0 1 49 13.7105
15 0 1 50 14.961
15 0 1 51 15.6292
15 0 1 52 14.9928
15 0 1 53 14.2247
15 0 1 54 15.6076
15 0 1 55 12.9795
15 0 1 56 13.5196
15 0 1 57 12.499
15 0 1 58 14.0368
15 0 1 59 14.3861
15 0 1 60 13.3893
15 0 1 61 15.7455
15 0 1 62 14.3157
15 0 1 63 15.5705
15 0 1 64 13.5479
15 0 1 65 12.7661
15 0 1 66 13.7897
15 0 1 67 13.1943
15 0 1 68 14.8651
15 0 1 69 13.4582
15 0 1 70 15.3374
15 0 1 71 13.3848
15 0 1 72 15.9857
15 0 1 73 14.6884
15 0 1 74 14.2704
15 0 1 75 15.1044
15 0 1 76 13.7042
15 0 1 77 13.2651
15 0 1 78 14.4864
15 0 1 79 13.7461
15 0 2 0 13.5588
15 0 2 1 14.0642
15 0 2 2 13.8721
15 0 2 3 14.6773
15 0 2 4 15.5074
15 0 2 5 13.5495
15 0 2 6 14.7006
15 0 2 7 15.5631
15 0 2 8 13.9682
15 0 2 9 14.8217
15 0 2 10 14.443
15 0 2 11 14.7259
15 0 2 12 14.3444
15 0 2 13 14.0725
15 0 2 14 13.8305
15 0 2 15 14.4547
15 0 2 16 14.5201
15 0 2 17 14.5825
15 0 2 18 14.2466
15 0 2 19 14.663
15 0 2 20 15.5265
15 0 2 21 14.5535
15 0 2 22 14.2657
15 0 2 23 15.0107
15 0 2 24 14.2074
15 0 2 25 14.2556
15 0 2 26 14.7758
15 0 2 27 13.816
15 0 2 28 14.5178
15 0 2 29 14.8287
15 0 2 30 14.4294
15 0 2 31 13.8701
15 0 2 32 15.2246
15 0 2 33 14.175
15 0 2 34 14.5525
15 0 2 35 13.9176
15 0 2 36 14.5007
15 0 2 37 14.7848
15 0 2 38 15.2465
15 0 2 39 15.3374
15 0 2 40 12.8635
15 0 2 41 15.5134
15 0 2 42 13.8025
15 0 2 43 16.5536
15 0 2 44 14.4215
15 0 2 45 13.9583
15 0 2 46 14.5331
15 0 2 47 14.5433
15 0 2 48 14.5366
15 0 2 49 13.4034
15 0 2 50 14.4986
15 0 2 51 14.4907
15 0 2 52 13.5677
15 0 2 53 13.9345
15 0 2 54 15.1777
15 0 2 55 14.4004
15 0 2 56 13.9984
15 0 2 57 13.5746
15 0 2 58 14.7177
15 0 2 59 14.4204
15 0 2 60 16.2534
15 0 2 61 14.0959
15 0 2 62 13.8737
15 0 2 63 14.2326
15 0 2 64 14.8251
15 0 2 65 13.7616
15 0 2 66 15.5165
15 0 2 67 13.4362
15 0 2 68 14.9813
15 0 2 69 14.7716
15 0 2 70 14.8131
15 0 2 71 13.8785
15 0 2 72 13.2447
15 0 2 73 13.8089
15 0 2 74 14.816
15 0 2 75 13.7057
15 0 2 76 14.8931
15 0 2 77 14.0541
15 0 2 78 14.7013
15 0 2 79 11.5507
15 0 3 0 15.2466
15 0 3 1 15.4981
15 0 3 2 14.8271
15 0 3 3 15.3548
15 0 3 4 14.6843
15 0 3 5 14.2891
15 0 3 6 13.6979
15 0 3 7 14.3795
15 0 3 8 14.7639
15 0 3 9 13.8307
15 0 3 10 15.0875
15 0 3 11 14.4802
15 0 3 12 14.3527
15 0 3 13 15.1906
15 0 3 14 14.2075
15 0 3 15 14.6154
15 0 3 16 13.9628
15 0 3 17 15.0131
15 0 3 18 14.1352
15 0 3 19 16.4781
15 0 3 20 14.8523
15 0 3 21 14.94
15 0 3 22 14.2047
15 0 3 23 15.2696
15 0 3 24 14.9378
15 0 3 25 14.6432
15 0 3 26 14.8709
15 0 3 27 15.276
15 0 3 28 13.9961
15 0 3 29 14.511
15 0 3 30 14.4006
15 0 3 31 14.5186
15 0 3 32 14.3858
15 0 3 33 15.0482
15 0 3 34 14.6101
15 0 3 35 14.5948
15 0 3 36 14.4693
15 0 3 37 14.6902
15 0 3 38 14.1858
15 0 3 39 15.4868
15 0 3 40 15.4782
15 0 3 41 17.1926
15 0 3 42 14.4389
15 0 3 43 13.2411
15 0 3 44 13.4595
15 0 3 45 14.0434
15 0 3 46 13.6553
15 0 3 47 14.8802
15 0 3 48 13.8546
15 0 3 49 14.3055
15 0 3 50 14.0532
15 0 3 51 15.6963
15 0 3 52 13.761
15 0 3 53 16.1653
15 0 3 54 15.1801
15 0 3 55 14.2841
15 0 3 56 14.3263
15 0 3 57 15.1072
15 0 3 58 13.6192
15 0 3 59 13.5207
15 0 3 60 12.3414
15 0 3 61 13.9732
15 0 3 62 13.8892
15 0 3 63 15.4309
15 0 3 64 13.7951
15 0 3 65 14.8986
15 0 3 66 14.5941
15 0 3 67 14.1961
15 0 3 68 14.5495
15 0 3 69 17.7126
15 0 3 70 15.5433
15 0 3 71 14.8357
15 0 3 72 15.5469
15 0 3 73 13.6732
15 0 3 74 13.9238
15 0 3 75 14.4778
15 0 3 76 12.8006
15 0 3 77 14.7113
15 0 3 78 13.6908
15 0 3 79 17.0661
15 0 4 0 14.5481
15 0 4 1 14.0729
15 0 4 2 14.5583
15 0 4 3 14.3392
15 0 4 4 15.1168
15 0 4 5 14.6041
15 0 4 6 15.6955
15 0 4 7 14.6164
15 0 4 8 14.6522
15 0 4 9 14.264
15 0 4 10 15.4
15 0 4 11 14.0826
15 0 4 12 15.1704
15 0 4 13 14.6821
15 0 4 14 15.0356
15 0 4 15 13.9144
15 0 4 16 14.8809
15 0 4 17 15.5567
15 0 4 18 15.6913
15 0 4 19 14.8773
15 0 4 20 15.935
15 0 4 21 14.6448
15 0 4 22 14.8775
15 0 4 23 14.709
15 0 4 24 14.3117
15 0 4 25 14.5442
15 0 4 26 14.8851
15 0 4 27 14.7468
15 0 4 28 14.4561
15 0 4 29 14.4697
15 0 4 30 14.4492
15 0 4 31 14.6649
15 0 4 32 14.5155
15 0 4 33 13.9536
15 0 4 34 13.9974
15 0 4 35 15.4147
15 0 4 36 15.7349
15 0 4 37 15.713
15 0 4 38 15.6262
15 0 4 39 15.0715
15 0 4 40 0
15 0 4 41 15.8108
15 0 4 42 14.2581
15 0 4 43 15.1473
15 0 4 44 14.4625
15 0 4 45 13.6176
15 0 4 46 14.0755
15 0 4 47 14.7183
15 0 4 48 14.4769
15 0 4 49 14.6442
15 0 4 50 15.7666
15 0 4 51 13.7866
15 0 4 52 15.0954
15 0 4 53 15.767
15 0 4 54 15.5332
15 0 4 55 13.9636
15 0 4 56 14.4398
15 0 4 57 13.3895
15 0 4 58 14.5765
15 0 4 59 13.3192
15 0 4 60 0
15 0 4 61 14.0298
15 0 4 62 15.6051
15 0 4 63 13.6939
15 0 4 64 14.7571
15 0 4 65 13.6766
15 0 4 66 14.552
15 0 4 67 13.7115
15 0 4 68 13.2337
15 0 4 69 13.7057
15 0 4 70 15.3858
15 0 4 71 17.0318
15 0 4 72 13.9241
15 0 4 73 14.5678
15 0 4 74 13.044
15 0 4 75 13.6755
15 0 4 76 13.8044
15 0 4 77 15.0936
15 0 4 78 14.6658
15 0 4 79 17.1761
15 0 5 0 15.1487
15 0 5 1 15.1562
15 0 5 2 16.9585
15 0 5 3 15.4647
15 0 5 4 14.4316
15 0 5 5 14.9959
15 0 5 6 15.215
15 0 5 7 14.8153
15 0 5 8 14.5638
15 0 5 9 14.4769
15 0 5 10 13.9835
15 0 5 11 14.5122
15 0 5 12 14.5815
15 0 5 13 14.38
15 0 5 14 14.3411
15 0 5 15 14.5955
15 0 5 16 14.9968
15 0 5 17 14.3883
15 0 5 18 14.9448
15 0 5 19 14.2419
15 0 5 20 15.0904
15 0 5 21 14.3625
15 0 5 22 14.2341
15 0 5 23 15.6348
15 0 5 24 15.6566
15 0 5 25 15.1632
15 0 5 26 14.1909
15 0 5 27 15.1812
15 0 5 28 14.3543
15 0 5 29 14.7044
15 0 5 30 14.9107
15 0 5 31 14.744
15 0 5 32 13.9241
15 0 5 33 15.2143
15 0 5 34 14.1477
15 0 5 35 14.8719
15 0 5 36 14.387
15 0 5 37 14.4466
15 0 5 38 14.0287
15 0 5 39 14.7063
15 0 5 40 13.756
15 0 5 41 13.6827
15 0 5 42 14.5025
15 0 5 43 15.0148
15 0 5 44 15.2446
15 0 5 45 13.1019
15 0 5 46 14.1767
15 0 5 47 14.3787
15 0 5 48 14.4551
15 0 5 49 14.1736
15 0 5 50 14.2012
15 0 5 51 13.418
15 0 5 52 13.9688
15 0 5 53 13.6756
15 0 5 54 13.8786
15 0 5 55 13.7886
15 0 5 56 0
15 0 5 57 14.8575
15 0 5 58 13.0969
15 0 5 59 15.2472
15 0 5 60 13.6137
15 0 5 61 14.4959
15 0 5 62 15.1244
15 0 5 63 13.938
15 0 5 64 14.8549
15 0 5 65 15.6327
15 0 5 66 13.7004
15 0 5 67 14.3169
15 0 5 68 13.8736
15 0 5 69 13.2057
15 0 5 70 14.3332
15 0 5 71 13.55
15 0 5 72 14.1847
15 0 5 73 13.7857
15 0 5 74 14.9669
15 0 5 75 13.8053
15 0 5 76 12.706
15 0 5 77 15.0482
15 0 5 78 15.3364
15 0 5 79 15.3349
15 0 6 0 14.625
15 0 6 1 14.6559
15 0 6 2 14.2186
15 0 6 3 15.1136
15 0 6 4 14.5191
15 0 6 5 14.642
15 0 6 6 13.889
15 0 6 7 14.5586
15 0 6 8 14.3467
15 0 6 9 16.2699
15 0 6 10 15.4678
15 0 6 11 14.0848
15 0 6 12 15.4831
15 0 6 13 14.8456
15 0 6 14 14.5215
15 0 6 15 14.2485
15 0 6 16 14.141
15 0 6 17 14.7044
15 0 6 18 15.3565
15 0 6 19 15.4158
15 0 6 20 14.5338
15 0 6 21 14.8115
15 0 6 22 14.3898
15 0 6 23 14.9167
15 0 6 24 14.5676
15 0 6 25 14.8873
15 0 6 26 13.8981
15 0 6 27 14.0933
15 0 6 28 14.4529
15 0 6 29 14.1923
15 0 6 30 14.3501
15 0 6 31 14.727
15 0 6 32 14.7735
15 0 6 33 15.0593
15 0 6 34 15.0967
15 0 6 35 13.9338
15 0 6 36 15.0231
15 0 6 37 14.8192
15 0 6 38 14.1805
15 0 6 39 14.602
15 0 6 40 14.5699
15 0 6 41 14.9633
15 0 6 42 15.3069
15 0 6 43 13.6542
15 0 6 44 14.1163
15 0 6 45 13.9524
15 0 6 46 14.9144
15 0 6 47 14.4486
15 0 6 48 14.9664
15 0 6 49 15.173
15 0 6 50 14.6161
15 0 6 51 14.6898
15 0 6 52 14.4345
15 0 6 53 14.4537
15 0 6 54 13.8286
15 0 6 55 13.9617
15 0 6 56 13.7888
15 0 6 57 12.5185
15 0 6 58 12.5829
15 0 6 59 11.1266
15 0 6 60 14.3078
15 0 6 61 13.5636
15 0 6 62 15.0956
15 0 6 63 14.858
15 0 6 64 16.9014
15 0 6 65 13.6966
15 0 6 66 13.4981
15 0 6 67 14.2557
15 0 6 68 15.1158
15 0 6 69 12.0769
15 0 6 70 14.2689
15 0 6 71 14.2608
15 0 6 72 14.5017
15 0 6 73 14.1921
15 0 6 74 13.5871
15 0 6 75 13.868
15 0 6 76 12.4666
15 0 6 77 13.0867
15 0 6 78 14.5897
15 0 6 79 12.8759
15 0 7 0 14.0679
15 0 7 1 14.3146
15 0 7 2 14.0646
15 0 7 3 14.4712
15 0 7 4 14.2669
15 0 7 5 14.9142
15 0 7 6 14.7491
15 0 7 7 14.7764
15 0 7 8 15.7123
15 0 7 9 14.3789
15 0 7 10 15.518
15 0 7 11 14.4577
15 0 7 12 14.079
15 0 7 13 13.9858
15 0 7 14 14.2789
15 0 7 15 14.8456
15 0 7 16 14.5066
15 0 7 17 14.7942
15 0 7 18 13.9319
15 0 7 19 13.4279
15 0 7 20 15.5833
15 0 7 21 14.0185
15 0 7 22 14.6332
15 0 7 23 14.1375
15 0 7 24 15.0709
15 0 7 25 14.7786
15 0 7 26 14.2935
15 0 7 27 14.3008
15 0 7 28 14.4344
15 0 7 29 14.123
15 0 7 30 14.571
15 0 7 31 13.8677
15 0 7 32 14.5227
15 0 7 33 13.9509
15 0 7 34 14.2681
15 0 7 35 13.4346
15 0 7 36 13.7333
15 0 7 37 14.0708
15 0 7 38 14.6535
15 0 7 39 14.5913
15 0 7 40 13.8739
15 0 7 41 14.3134
15 0 7 42 14.3324
15 0 7 43 13.5242
15 0 7 44 12.1715
15 0 7 45 14.1597
15 0 7 46 15.0751
15 0 7 47 13.7274
15 0 7 48 13.6159
15 0 7 49 13.4631
15 0 7 50 14.1864
15 0 7 51 14.5614
15 0 7 52 14.3624
15 0 7 53 14.737
15 0 7 54 15.0994
15 0 7 55 14.8888
15 0 7 56 12.8243
15 0 7 57 14.607
15 0 7 58 14.7365
15 0 7 59 13.1942
15 0 7 60 14.534
15 0 7 61 0
15 0 7 62 12.8352
15 0 7 63 13.6035
15 0 7 64 15.7025
15 0 7 65 13.4228
15 0 7 66 14.6745
15 0 7 67 12.9543
15 0 7 68 14.4645
15 0 7 69 13.1319
15 0 7 70 14.4903
15 0 7 71 13.6446
15 0 7 72 14.0929
15 0 7 73 14.3423
15 0 7 74 12.8787
15 0 7 75 14.4403
15 0 7 76 12.2187
15 0 7 77 14.963
15 0 7 78 13.5383
15 0 7 79 0
15 1 0 0 0
15 1 0 1 13.9864
15 1 0 2 14.0924
15 1 0 3 15.0137
15 1 0 4 14.582
15 1 0 5 14.9289
15 1 0 6 14.1382
15 1 0 7 15.0863
15 1 0 8 14.488
15 1 0 9 15.0905
15 1 0 10 13.6859
15 1 0 11 13.5963
15 1 0 12 13.5389
15 1 0 13 13.2354
15 1 0 14 13.6007
15 1 0 15 14.8774
15 1 0 16 14.227
15 1 0 17 14.8924
15 1 0 18 13.3273
15 1 0 19 14.6334
15 1 0 20 13.4005
15 1 0 21 14.5976
15 1 0 22 14.6876
15 1 0 23 14.6271
15 1 0 24 14.2224
15 1 0 25 14.1963
15 1 0 26 15.3268
15 1 0 27 14.6704
15 1 0 28 14.4462
15 1 0 29 14.1921
15 1 0 30 14.7417
15 1 0 31 13.916
15 1 0 32 13.7984
15 1 0 33 14.3154
15 1 0 34 14.6192
15 1 0 35 14.0765
15 1 0 36 14.2416
15 1 0 37 14.1662
15 1 0 38 15.2561
15 1 0 39 14.2065
15 1 0 40 12.1321
15 1 0 41 14.1207
15 1 0 42 12.4704
15 1 0 43 14.0197
15 1 0 44 14.307
15 1 0 45 13.8209
15 1 0 46 14.0052
15 1 0 47 13.0803
15 1 0 48 12.9555
15 1 0 49 12.9567
15 1 0 50 14.6384
15 1 0 51 12.6642
15 1 0 52 12.888
15 1 0 53 13.0264
15 1 0 54 13.715
15 1 0 55 13.0626
15 1 0 56 13.8908
15 1 0 57 12.9769
15 1 0 58 14.5985
15 1 0 59 14.0754
15 1 0 60 12.1897
15 1 0 61 13.8932
15 1 0 62 14.631
15 1 0 63 14.0496
15 1 0 64 13.114
15 1 0 65 12.9884
15 1 0 66 12.5922
15 1 0 67 13.1562
15 1 0 68 13.4793
15 1 0 69 14.8701
15 1 0 70 14.4801
15 1 0 71 14.0943
15 1 0 72 12.6198
15 1 0 73 13.9411
15 1 0 74 0
15 1 0 75 12.8913
15 1 0 76 13.6415
15 1 0 77 13.0929
15 1 0 78 13.8297
15 1 0 79 11.6648
15 1 1 0 14.0992
15 1 1 1 15.216
15 1 1 2 14.0342
15 1 1 3 14.8338
15 1 1 4 15.9611
15 1 1 5 14.7117
15 1 1 6 14.1551
15 1 1 7 15.0591
15 1 1 8 14.9622
15 1 1 9 14.8507
15 1 1 10 14.6055
15 1 1 11 14.9768
15 1 1 12 14.5133
15 1 1 13 14.3763
15 1 1 14 14.286
15 1 1 15 14.2577
15 1 1 16 14.0977
15 1 1 17 15.2237
15 1 1 18 14.5102
15 1 1 19 14.626
15 1 1 20 14.7144
15 1 1 21 14.6834
15 1 1 22 15.3474
15 1 1 23 14.3674
15 1 1 24 14.6283
15 1 1 25 14.3561
15 1 1 26 14.6439
15 1 1 27 14.8741
15 1 1 28 14.0276
15 1 1 29 14.7651
15 1 1 30 14.2673
15 1 1 31 14.6307
15 1 1 32 14.8253
15 1 1 33 14.3803
15 1 1 34 14.5984
15 1 1 35 15.185
15 1 1 36 14.5368
15 1 1 37 13.9853
15 1 1 38 15.0078
15 1 1 39 14.387
15 1 1 40 13.9814
15 1 1 41 13.4917
15 1 1 42 13.3652
15 1 1 43 12.7898
15 1 1 44 14.8445
15 1 1 45 14.2643
15 1 1 46 13.8907
15 1 1 47 13.5579
15 1 1 48 13.6016
15 1 1 49 12.7185
15 1 1 50 13.53
15 1 1 51 13.3748
15 1 1 52 13.6384
15 1 1 53 14.0933
15 1 1 54 12.8536
15 1 1 55 12.8948
15 1 1 56 14.4365
15 1 1 57 14.0695
15 1 1 58 13.1028
15 1 1 59 14.1318
15 1 1 60 12.9688
15 1 1 61 15.2998
15 1 1 62 13.6383
15 1 1 63 13.3476
15 1 1 64 13.7936
15 1 1 65 14.093
15 1 1 66 14.0586
15 1 1 67 14.3683
15 1 1 68 15.063
15 1 1 69 13.1404
15 1 1 70 12.8984
15 1 1 71 13.3644
15 1 1 72 13.8857
15 1 1 73 13.4448
15 1 1 74 15.3619
15 1 1 75 14.3433
15 1 1 76 13.5103
15 1 1 77 13.1653
15 1 1 78 14.0981
15 1 1 79 13.8221
15 1 2 0 14.0363
15 1 2 1 14.3956
15 1 2 2 14.2172
15 1 2 3 14.8941
15 1 2 4 14.9453
15 1 2 5 14.4615
15 1 2 6 14.8157
15 1 2 7 14.9491
15 1 2 8 14.8439
15 1 2 9 14.799
15 1 2 10 15.2848
15 1 2 11 15.1393
15 1 2 12 15.7294
15 1 2 13 14.1067
15 1 2 14 15.4276
15 1 2 15 14.7775
15 1 2 16 14.4074
15 1 2 17 14.5337
15 1 2 18 14.5957
15 1 2 19 14.7281
15 1 2 20 14.4529
15 1 2 21 14.6452
15 1 2 22 13.84
15 1 2 23 13.7095
15 1 2 24 14.8465
15 1 2 25 15.3124
15 1 2 26 14.9507
15 1 2 27 14.2409
15 1 2 28 15.0878
15 1 2 29 14.7065
15 1 2 30 14.0911
15 1 2 31 15.3716
15 1 2 32 14.1434
15 1 2 33 14.8888
15 1 2 34 14.1995
15 1 2 35 15.4293
15 1 2 36 14.6542
15 1 2 37 14.5687
15 1 2 38 14.4952
15 1 2 39 14.2596
15 1 2 40 0
15 1 2 41 13.9957
15 1 2 42 13.9933
15 1 2 43 13.6359
15 1 2 44 13.0984
15 1 2 45 13.647
15 1 2 46 12.7068
15 1 2 47 13.1725
15 1 2 48 12.8715
15 1 2 49 15.6993
15 1 2 50 13.1037
15 1 2 51 13.5896
15 1 2 52 13.2876
15 1 2 53 14.9254
15 1 2 54 13.2798
15 1 2 55 12.9102
15 1 2 56 13.2583
15 1 2 57 14.0476
15 1 2 58 14.1123
15 1 2 59 12.9002
15 1 2 60 12.5427
15 1 2 61 14.4343
15 1 2 62 13.4632
15 1 2 63 12.5834
15 1 2 64 12.9895
15 1 2 65 14.9415
15 1 2 66 15.399
15 1 2 67 13.306
15 1 2 68 14.1078
15 1 2 69 14.1248
15 1 2 70 14.727
15 1 2 71 14.4518
15 1 2 72 13.8474
15 1 2 73 14.728
15 1 2 74 14.4351
15 1 2 75 0
15 1 2 76 14.405
15 1 2 77 14.4648
15 1 2 78 14.2245
15 1 2 79 14.0721
15 1 3 0 13.7245
15 1 3 1 13.436
15 1 3 2 15.3054
15 1 3 3 15.5831
15 1 3 4 15.5475
15 1 3 5 14.9571
15 1 3 6 15.7566
15 1 3 7 15.2743
15 1 3 8 14.7268
15 1 3 9 15.6735
15 1 3 10 14.6479
15 1 3 11 14.8033
15 1 3 12 15.0307
15 1 3 13 15.1577
15 1 3 14 15.2415
15 1 3 15 14.507
15 1 3 16 15.3018
15 1 3 17 15.1655
15 1 3 18 16.0255
15 1 3 19 15.187
15 1 3 20 14.8022
15 1 3 21 15.4781
15 1 3 22 15.1219
15 1 3 23 15.4072
15 1 3 24 14.9076
15 1 3 25 14.6066
15 1 3 26 14.8386
15 1 3 27 14.3431
15 1 3 28 15.3485
15 1 3 29 15.6883
15 1 3 30 13.7236
15 1 3 31 14.0545
15 1 3 32 14.5636
15 1 3 33 15.8949
15 1 3 34 15.9036
15 1 3 35 14.7706
15 1 3 36 14.5854
15 1 3 37 13.8562
15 1 3 38 15.2302
15 1 3 39 15.0135
15 1 3 40 13.4622
15 1 3 41 11.8768
15 1 3 42 14.4171
15 1 3 43 13.3909
15 1 3 44 14.058
15 1 3 45 13.4211
15 1 3 46 14.0906
15 1 3 47 12.6858
15 1 3 48 15.042
15 1 3 49 12.0063
15 1 3 50 13.103
15 1 3 51 11.7505
15 1 3 52 13.8581
15 1 3 53 14.7946
15 1 3 54 13.5386
15 1 3 55 14.0175
15 1 3 56 14.3406
15 1 3 57 14.0176
15 1 3 58 12.8847
15 1 3 59 15.7111
15 1 3 60 12.601
15 1 3 61 13.5922
15 1 3 62 15.037
15 1 3 63 13.5215
15 1 3 64 14.0158
15 1 3 65 13.6988
15 1 3 66 13.921
15 1 3 67 0
15 1 3 68 14.6792
15 1 3 69 13.3278
15 1 3 70 14.1537
15 1 3 71 12.7591
15 1 3 72 14.0974
15 1 3 73 14.4591
15 1 3 74 14.2545
15 1 3 75 12.8986
15 1 3 76 14.6129
15 1 3 77 14.1668
15 1 3 78 15.1068
15 1 3 79 16.093
15 1 4 0 15.0354
15 1 4 1 14.3354
15 1 4 2 15.0411
15 1 4 3 14.7821
15 1 4 4 15.0726
15 1 4 5 14.4225
15 1 4 6 15.0145
15 1 4 7 14.3311
15 1 4 8 15.1498
15 1 4 9 15.4667
15 1 4 10 15.9174
15 1 4 11 15.237
15 1 4 12 15.3595
15 1 4 13 14.6523
15 1 4 14 15.4926
15 1 4 15 14.6644
15 1 4 16 14.1427
15 1 4 17 13.9785
15 1 4 18 14.3142
15 1 4 19 16.4122
15 1 4 20 0
15 1 4 21 0
15 1 4 22 14.7904
15 1 4 23 15.1734
15 1 4 24 15.297
15 1 4 25 14.6266
15 1 4 26 14.8252
15 1 4 27 14.3875
15 1 4 28 15.0016
15 1 4 29 15.0806
15 1 4 30 14.5717
15 1 4 31 14.4801
15 1 4 32 14.4687
15 1 4 33 15.3652
15 1 4 34 14.2864
15 1 4 35 14.8301
15 1 4 36 15.7513
15 1 4 37 14.7014
15 1 4 38 15.2335
15 1 4 39 16.0171
15 1 4 40 14.2205
15 1 4 41 13.9075
15 1 4 42 13.0435
15 1 4 43 13.9631
15 1 4 44 12.8502
15 1 4 45 13.7451
15 1 4 46 12.6184
15 1 4 47 13.0816
15 1 4 48 0
15 1 4 49 0
15 1 4 50 13.0859
15 1 4 51 13.9053
15 1 4 52 14.0302
15 1 4 53 13.5153
15 1 4 54 12.7723
15 1 4 55 13.623
15 1 4 56 14.0843
15 1 4 57 14.8111
15 1 4 58 13.9061
15 1 4 59 16.8599
15 1 4 60 13.8044
15 1 4 61 13.499
15 1 4 62 13.1768
15 1 4 63 12.2238
15 1 4 64 14.0083
15 1 4 65 14.5497
15 1 4 66 15.8754
15 1 4 67 13.6467
15 1 4 68 14.3731
15 1 4 69 13.002
15 1 4 70 13.3773
15 1 4 71 0
15 1 4 72 14.9665
15 1 4 73 14.3511
15 1 4 74 14.2358
15 1 4 75 12.0203
15 1 4 76 13.8483
15 1 4 77 14.8005
15 1 4 78 12.5936
15 1 4 79 13.3901
15 1 5 0 14.2094
15 1 5 1 13.7373
15 1 5 2 15.2191
15 1 5 3 14.1388
15 1 5 4 13.8703
15 1 5 5 14.5948
15 1 5 6 15.2707
15 1 5 7 14.5257
15 1 5 8 14.9094
15 1 5 9 15.1216
15 1 5 10 14.2848
15 1 5 11 14.4168
15 1 5 12 14.4881
15 1 5 13 14.1248
15 1 5 14 13.8924
15 1 5 15 13.658
15 1 5 16 14.7516
15 1 5 17 14.6254
15 1 5 18 14.5278
15 1 5 19 0
15 1 5 20 0
15 1 5 21 14.6097
15 1 5 22 14.2767
15 1 5 23 15.2768
15 1 5 24 14.7198
15 1 5 25 14.1514
15 1 5 26 14.6786
15 1 5 27 13.6964
15 1 5 28 14.4596
15 1 5 29 15.2508
15 1 5 30 14.1531
15 1 5 31 14.4747
15 1 5 32 14.4931
15 1 5 33 14.8005
15 1 5 34 14.1183
15 1 5 35 14.9558
15 1 5 36 14.6315
15 1 5 37 14.2242
15 1 5 38 14.8989
15 1 5 39 14.4124
15 1 5 40 13.5538
15 1 5 41 12.9845
15 1 5 42 14.0491
15 1 5 43 13.8108
15 1 5 44 13.8126
15 1 5 45 13.8032
15 1 5 46 13.5117
15 1 5 47 13.7544
15 1 5 48 0
15 1 5 49 12.7682
15 1 5 50 13.8424
15 1 5 51 14.4529
15 1 5 52 14.1283
15 1 5 53 14.2291
15 1 5 54 12.5155
15 1 5 55 13.2598
15 1 5 56 13.4986
15 1 5 57 12.4514
15 1 5 58 12.8455
15 1 5 59 11.4958
15 1 5 60 13.4463
15 1 5 61 12.9576
15 1 5 62 12.1956
15 1 5 63 14.1468
15 1 5 64 15.3577
15 1 5 65 13.9017
15 1 5 66 14.0359
15 1 5 67 13.624
15 1 5 68 14.0254
15 1 5 69 14.5393
15 1 5 70 0
15 1 5 71 0
15 1 5 72 13.0902
15 1 5 73 13.3838
15 1 5 74 13.8865
15 1 5 75 14.9242
15 1 5 76 12.8948
15 1 5 77 11.8506
15 1 5 78 12.5566
15 1 5 79 15.2337
15 1 6 0 15.3136
15 1 6 1 15.4676
15 1 6 2 14.3762
15 1 6 3 14.0738
15 1 6 4 14.4228
15 1 6 5 15.0906
15 1 6 6 13.6078
15 1 6 7 14.491
15 1 6 8 14.8326
15 1 6 9 14.3847
15 1 6 10 14.7944
15 1 6 11 15.1344
15 1 6 12 14.3135
15 1 6 13 15.3991
15 1 6 14 14.3273
15 1 6 15 14.9911
15 1 6 16 15.2351
15 1 6 17 14.3606
15 1 6 18 14.6352
15 1 6 19 15.0483
15 1 6 20 14.7061
15 1 6 21 14.428
15 1 6 22 14.6262
15 1 6 23 14.4183
15 1 6 24 15.2041
15 1 6 25 14.9686
15 1 6 26 14.1001
15 1 6 27 15.1056
15 1 6 28 14.4745
15 1 6 29 14.8065
15 1 6 30 13.9933
15 1 6 31 14.6353
15 1 6 32 13.7203
15 1 6 33 14.2793
15 1 6 34 14.3653
15 1 6 35 14.9671
15 1 6 36 14.512
15 1 6 37 14.853
15 1 6 38 14.45
15 1 6 39 15.1352
15 1 6 40 13.1564
15 1 6 41 14.2831
15 1 6 42 15.0874
15 1 6 43 11.9637
15 1 6 44 14.3054
15 1 6 45 12.7294
15 1 6 46 14.2484
15 1 6 47 13.5944
15 1 6 48 13.6787
15 1 6 49 13.7766
15 1 6 50 13.5195
15 1 6 51 14.1724
15 1 6 52 13.6877
15 1 6 53 13.6864
15 1 6 54 13.251
15 1 6 55 13.3183
15 1 6 56 11.9079
15 1 6 57 12.605
15 1 6 58 13.4552
15 1 6 59 14.3554
15 1 6 60 16.2843
15 1 6 61 13.4669
15 1 6 62 13.4998
15 1 6 63 15.0763
15 1 6 64 12.4635
15 1 6 65 13.1461
15 1 6 66 13.3934
15 1 6 67 14.0146
15 1 6 68 13.2842
15 1 6 69 14.0038
15 1 6 70 13.6295
15 1 6 71 14.1749
15 1 6 72 13.2874
15 1 6 73 14.7035
15 1 6 74 13.4655
15 1 6 75 14.0569
15 1 6 76 13.5933
15 1 6 77 12.4687
15 1 6 78 12.1369
15 1 6 79 14.9122
15 1 7 0 15.1509
15 1 7 1 14.3079
15 1 7 2 14.8778
15 1 7 3 15.1191
15 1 7 4 14.373
15 1 7 5 13.6185
15 1 7 6 14.5391
15 1 7 7 15.1678
15 1 7 8 15.1897
15 1 7 9 15.5854
15 1 7 10 14.9235
15 1 7 11 14.2342
15 1 7 12 15.0828
15 1 7 13 14.3908
15 1 7 14 14.6676
15 1 7 15 14.8192
15 1 7 16 14.6295
15 1 7 17 15.0195
15 1 7 18 16.5815
15 1 7 19 15.278
15 1 7 20 14.9009
15 1 7 21 14.2278
15 1 7 22 14.9425
15 1 7 23 14.7688
15 1 7 24 0
15 1 7 25 14.2113
15 1 7 26 15.3142
15 1 7 27 14.4256
15 1 7 28 14.2531
15 1 7 29 14.4776
15 1 7 30 15.2045
15 1 7 31 15.0461
15 1 7 32 0
15 1 7 33 13.8499
15 1 7 34 14.9612
15 1 7 35 13.8466
15 1 7 36 14.476
15 1 7 37 14.0551
15 1 7 38 13.8533
15 1 7 39 14.8088
15 1 7 40 15.803
15 1 7 41 12.2327
15 1 7 42 13.8205
15 1 7 43 14.8332
15 1 7 44 13.4496
15 1 7 45 13.2347
15 1 7 46 13.87
15 1 7 47 13.3226
15 1 7 48 14.4899
15 1 7 49 12.468
15 1 7 50 13.8809
15 1 7 51 13.962
15 1 7 52 12.6921
15 1 7 53 13.3879
15 1 7 54 11.7538
15 1 7 55 12.4626
15 1 7 56 12.6155
15 1 7 57 13.6571
15 1 7 58 13.2033
15 1 7 59 12.7233
15 1 7 60 13.4604
15 1 7 61 11.8508
15 1 7 62 13.3509
15 1 7 63 0
15 1 7 64 0
15 1 7 65 13.1986
15 1 7 66 11.8876
15 1 7 67 12.192
15 1 7 68 13.1627
15 1 7 69 12.1881
15 1 7 70 13.7326
15 1 7 71 0
15 1 7 72 13.3244
15 1 7 73 14.9495
15 1 7 74 13.9289
15 1 7 75 0
15 1 7 76 13.7119
15 1 7 77 12.7715
15 1 7 78 12.7973
15 1 7 79 12.1178
16 0 0 0 21.5373
16 0 0 1 21.1686
16 0 0 2 20.7442
16 0 0 3 20.4398
16 0 0 4 20.7474
16 0 0 5 21.4635
16 0 0 6 21.2148
16 0 0 7 21.138
16 0 0 8 36.0667
16 0 0 9 34.9637
16 0 0 10 35.6551
16 0 0 11 35.1876
16 0 0 12 36.1216
16 0 0 13 35.4811
16 0 0 14 35.7356
16 0 0 15 36.299
16 0 0 16 20.6027
16 0 0 17 21.1121
16 0 0 18 20.9998
16 0 0 19 21.0147
16 0 0 20 21.0613
16 0 0 21 20.9298
16 0 0 22 21.2269
16 0 0 23 20.8195
16 0 1 0 21.6827
16 0 1 1 22.0138
16 0 1 2 21.2194
16 0 1 3 21.3543
16 0 1 4 21.7377
16 0 1 5 21.5021
16 0 1 6 21.8843
16 0 1 7 21.5272
16 0 1 8 40.8469
16 0 1 9 41.3838
16 0 1 10 38.9913
16 0 1 11 41.2066
16 0 1 12 39.6774
16 0 1 13 40.0836
16 0 1 14 41.3583
16 0 1 15 41.4309
16 0 1 16 41.5769
16 0 1 17 40.5
16 0 1 18 40.2885
16 0 1 19 40.2898
16 0 1 20 40.1472
16 0 1 21 41.4128
16 0 1 22 41.1958
16 0 1 23 40.5523
16 0 1 24 21.3985
16 0 1 25 21.8707
16 0 1 26 22.1213
16 0 1 27 21.7368
16 0 1 28 21.3884
16 0 1 29 22.0443
16 0 1 30 21.3661
16 0 1 31 22.1826
16 0 2 0 21.9606
16 0 2 1 22.2278
16 0 2 2 22.3397
16 0 2 3 22.3313
16 0 2 4 21.6691
16 0 2 5 22.4785
16 0 2 6 21.63
16 0 2 7 22.1613
16 0 2 8 40.8394
16 0 2 9 40.9807
16 0 2 10 39.4278
16 0 2 11 40.9244
16 0 2 12 42.2259
16 0 2 13 40.3372
16 0 2 14 40.7257
16 0 2 15 41.5543
16 0 2 16 42.0776
16 0 2 17 41.0395
16 0 2 18 41.8821
16 0 2 19 41.6072
16 0 2 20 40.8382
16 0 2 21 40.1384
16 0 2 22 41.5856
16 0 2 23 41.8539
16 0 2 24 22.4356
16 0 2 25 22.4062
16 0 2 26 21.6789
16 0 2 27 21.9934
16 0 2 28 21.9581
16 0 2 29 21.7151
16 0 2 30 21.8992
16 0 2 31 22.5093
16 0 3 0 22.6566
16 0 3 1 22.3231
16 0 3 2 22.2515
16 0 3 3 21.9501
16 0 3 4 21.8294
16 0 3 5 22.5132
16 0 3 6 21.788
16 0 3 7 22.1505
16 0 3 8 41.9068
16 0 3 9 41.6451
16 0 3 10 41.1845
16 0 3 11 42.4859
16 0 3 12 40.5688
16 0 3 13 41.0635
16 0 3 14 41.1655
16 0 3 15 42.0003
16 0 3 16 40.713
16 0 3 17 41.6567
16 0 3 18 41.5938
16 0 3 19 39.8512
16 0 3 20 41.0394
16 0 3 21 41.6654
16 0 3 22 39.7219
16 0 3 23 41.1458
16 0 3 24 22.6312
16 0 3 25 21.8898
16 0 3 26 22.0566
16 0 3 27 21.766
16 0 3 28 22.1283
16 0 3 29 21.7882
16 0 3 30 22.079
16 0 3 31 22.987
16 0 4 0 22.7724
16 0 4 1 21.8839
16 0 4 2 22.0964
16 0 4 3 21.6202
16 0 4 4 21.8465
16 0 4 5 22.2989
16 0 4 6 22.0847
16 0 4 7 22.3264
16 0 4 8 41.9477
16 0 4 9 40.7944
16 0 4 10 42.4257
16 0 4 11 40.7015
16 0 4 12 40.6221
16 0 4 13 41.6748
16 0 4 14 41.3831
16 0 4 15 41.7659
16 0 4 16 40.6695
16 0 4 17 40.5548
16 0 4 18 41.3683
16 0 4 19 40.7446
16 0 4 20 41.6238
16 0 4 21 41.789
16 0 4 22 41.5087
16 0 4 23 40.2359
16 0 4 24 23.1678
16 0 4 25 21.5436
16 0 4 26 22.4184
16 0 4 27 22.2196
16 0 4 28 21.8715
16 0 4 29 22.1412
16 0 4 30 22.4503
16 0 4 31 22.2655
16 0 5 0 22.4564
16 0 5 1 22.3834
16 0 5 2 22.4745
16 0 5 3 21.8706
16 0 5 4 22.3698
16 0 5 5 22.3863
16 0 5 6 22.352
16 0 5 7 22.3259
16 0 5 8 40.4497
16 0 5 9 41.4635
16 0 5 10 41.3429
16 0 5 11 41.0616
16 0 5 12 40.3763
16 0 5 13 40.4931
16 0 5 14 41.3036
16 0 5 15 40.4237
16 0 5 16 42.5189
16 0 5 17 40.4346
16 0 5 18 40.4792
16 0 5 19 41.1995
16 0 5 20 41.2354
16 0 5 21 40.964
16 0 5 22 40.5331
16 0 5 23 40.9034
16 0 5 24 22.5371
16 0 5 25 21.8399
16 0 5 26 22.3072
16 0 5 27 22.1027
16 0 5 28 21.6009
16 0 5 29 22.2785
16 0 5 30 22.3591
16 0 5 31 22.2381
16 0 6 0 22.2959
16 0 6 1 21.5519
16 0 6 2 22.2368
16 0 6 3 23.0311
16 0 6 4 22.6795
16 0 6 5 21.8959
16 0 6 6 22.3618
16 0 6 7 21.7441
16 0 6 8 40.9893
16 0 6 9 42.0582
16 0 6 10 39.7786
16 0 6 11 39.827
16 0 6 12 41.2655
16 0 6 13 41.5158
16 0 6 14 40.9173
16 0 6 15 41.893
16 0 6 16 41.5266
16 0 6 17 41.6001
16 0 6 18 41.2948
16 0 6 19 41.8842
16 0 6 20 39.72
16 0 6 21 42.0342
16 0 6 22 41.2567
16 0 6 23 40.9207
16 0 6 24 21.8094
16 0 6 25 22.518
16 0 6 26 22.0137
16 0 6 27 22.0131
16 0 6 28 22.1697
16 0 6 29 22.2926
16 0 6 30 22.7962
16 0 6 31 23.2596
16 0 7 0 22.695
16 0 7 1 22.1081
16 0 7 2 22.0844
16 0 7 3 22.7929
16 0 7 4 22.3328
16 0 7 5 22.3584
16 0 7 6 22.2395
16 0 7 7 22.4071
16 0 7 8 41.7319
16 0 7 9 41.1916
16 0 7 10 40.995
16 0 7 11 41.812
16 0 7 12 40.4757
16 0 7 13 41.2031
16 0 7 14 42.064
16 0 7 15 40.2411
16 0 7 16 41.2249
16 0 7 17 41.4326
16 0 7 18 40.0219
16 0 7 19 43.1748
16 0 7 20 40.0687
16 0 7 21 42.0083
16 0 7 22 42.5762
16 0 7 23 41.8565
16 0 7 24 21.8699
16 0 7 25 22.1488
16 0 7 26 21.8538
16 0 7 27 22.325
16 0 7 28 22.0088
16 0 7 29 21.9528
16 0 7 30 22.5715
16 0 7 31 22.8931
16 0 8 0 21.9864
16 0 8 1 22.4735
16 0 8 2 22.8576
16 0 8 3 21.8497
16 0 8 4 22.1896
16 0 8 5 22.3733
16 0 8 6 23.2206
16 0 8 7 22.652
16 0 8 8 40.9955
16 0 8 9 41.2663
16 0 8 10 43.1603
16 0 8 11 41.823
16 0 8 12 40.9074
16 0 8 13 41.1734
16 0 8 14 41.0171
16 0 8 15 39.8898
16 0 8 16 41.8458
16 0 8 17 41.6551
16 0 8 18 40.9447
16 0 8 19 41.4762
16 0 8 20 41.6659
16 0 8 21 40.5162
16 0 8 22 42.2726
16 0 8 23 40.4592
16 0 8 24 21.9699
16 0 8 25 22.3504
16 0 8 26 22.5686
16 0 8 27 21.9
16 0 8 28 22.657
16 0 8 29 21.6028
16 0 8 30 22.153
16 0 8 31 22.1251
16 0 9 0 22.4225
16 0 9 1 22.0189
16 0 9 2 22.08
16 0 9 3 22.1644
16 0 9 4 22.4469
16 0 9 5 22.511
16 0 9 6 22.1132
16 0 9 7 22.35
16 0 9 8 40.8401
16 0 9 9 41.8109
16 0 9 10 40.1713
16 0 9 11 41.067
16 0 9 12 40.5765
16 0 9 13 42.51
16 0 9 14 42.4112
16 0 9 15 40.7641
16 0 9 16 40.6018
16 0 9 17 40.8826
16 0 9 18 39.55
16 0 9 19 39.2049
16 0 9 20 42.1059
16 0 9 21 42.2967
16 0 9 22 41.3997
16 0 9 23 41.3149
16 0 9 24 21.4284
16 0 9 25 22.0896
16 0 9 26 21.9776
16 0 9 27 22.6873
16 0 9 28 21.8743
16 0 9 29 21.9203
16 0 9 30 22.2253
16 0 9 31 23.3188
16 0 10 0 22.5271
16 0 10 1 21.8083
16 0 10 2 21.9207
16 0 10 3 22.5092
16 0 10 4 22.8052
16 0 10 5 22.3636
16 0 10 6 22.2448
16 0 10 7 22.4614
16 0 10 8 41.7479
16 0 10 9 41.5396
16 0 10 10 39.5539
16 0 10 11 41.5274
16 0 10 12 41.2172
16 0 10 13 40.7432
16 0 10 14 40.7855
16 0 10 15 40.4092
16 0 10 16 40.6791
16 0 10 17 41.2306
16 0 10 18 41.83
16 0 10 19 40.3858
16 0 10 20 40.7917
16 0 10 21 41.4661
16 0 10 22 41.4408
16 0 10 23 41.7288
16 0 10 24 22.3413
16 0 10 25 21.9456
16 0 10 26 21.8167
16 0 10 27 21.8996
16 0 10 28 22.4
16 0 10 29 22.3548
16 0 10 30 21.4482
16 0 10 31 23.5697
16 0 11 0 22.7935
16 0 11 1 21.4778
16 0 11 2 21.9873
16 0 11 3 21.9886
16 0 11 4 21.8948
16 0 11 5 22.2584
16 0 11 6 22.0541
16 0 11 7 22.0706
16 0 11 8 40.148
16 0 11 9 42.4147
16 0 11 10 40.5125
16 0 11 11 40.7898
16 0 11 12 41.3095
16 0 11 13 42.11
16 0 11 14 41.5774
16 0 11 15 41.2652
16 0 11 16 41.1995
16 0 11 17 41.9882
16 0 11 18 41.5254
16 0 11 19 40.8991
16 0 11 20 42.1547
16 0 11 21 42.454
16 0 11 22 40.6595
16 0 11 23 41.3174
16 0 11 24 22.1112
16 0 11 25 21.2415
16 0 11 26 22.1056
16 0 11 27 21.7724
16 0 11 28 22.2072
16 0 11 29 22.4687
16 0 11 30 21.9142
16 0 11 31 22.284
16 0 12 0 22.7251
16 0 12 1 22.606
16 0 12 2 22.7543
16 0 12 3 22.0513
16 0 12 4 22.6526
16 0 12 5 21.912
16 0 12 6 22.249
16 0 12 7 22.1814
16 0 12 8 41.621
16 0 12 9 41.1047
16 0 12 10 40.4648
16 0 12 11 41.0128
16 0 12 12 41.0291
16 0 12 13 42.2272
16 0 12 14 39.8325
16 0 12 15 40.4946
16 0 12 16 41.0216
16 0 12 17 42.1705
16 0 12 18 41.5202
16 0 12 19 39.8997
16 0 12 20 41.619
16 0 12 21 41.9875
16 0 12 22 42.321
16 0 12 23 41.2827
16 0 12 24 22.0445
16 0 12 25 21.5843
16 0 12 26 23.2153
16 0 12 27 21.5844
16 0 12 28 22.4388
16 0 12 29 22.565
16 0 12 30 21.1515
16 0 12 31 22.707
16 0 13 0 21.6461
16 0 13 1 22.2633
16 0 13 2 21.9382
16 0 13 3 22.8826
16 0 13 4 21.5789
16 0 13 5 21.7083
16 0 13 6 22.2229
16 0 13 7 22.7945
16 0 13 8 40.2385
16 0 13 9 42.5678
16 0 13 10 42.2578
16 0 13 11 40.2849
16 0 13 12 42.6011
16 0 13 13 41.1547
16 0 13 14 41.8711
16 0 13 15 41.4681
16 0 13 16 42.2237
16 0 13 17 41.8452
16 0 13 18 40.6842
16 0 13 19 40.9387
16 0 13 20 41.7875
16 0 13 21 40.1241
16 0 13 22 42.4326
16 0 13 23 41.1948
16 0 13 24 21.7264
16 0 13 25 21.4513
16 0 13 26 22.4952
16 0 13 27 21.8631
16 0 13 28 21.6544
16 0 13 29 22.4852
16 0 13 30 22.6593
16 0 13 31 21.4023
16 0 14 0 0
16 0 14 1 22.4483
16 0 14 2 22.8087
16 0 14 3 21.9284
16 0 14 4 21.7806
16 0 14 5 21.5563
16 0 14 6 22.9457
16 0 14 7 22.1629
16 0 14 8 42.2774
16 0 14 9 42.7507
16 0 14 10 41.6392
16 0 14 11 41.3132
16 0 14 12 40.9973
16 0 14 13 40.0629
16 0 14 14 40.7042
16 0 14 15 41.4056
16 0 14 16 42.4732
16 0 14 17 41.7473
16 0 14 18 41.4495
16 0 14 19 40.274
16 0 14 20 40.8974
16 0 14 21 40.9511
16 0 14 22 42.9054
16 0 14 23 40.9263
16 0 14 24 22.2603
16 0 14 25 22.1898
16 0 14 26 22.1387
16 0 14 27 22.7463
16 0 14 28 22.5971
16 0 14 29 22.7243
16 0 14 30 22.5253
16 0 14 31 21.6896
16 0 15 0 21.2242
16 0 15 1 22.1295
16 0 15 2 22.4716
16 0 15 3 21.9628
16 0 15 4 21.6292
16 0 15 5 22.0637
16 0 15 6 21.6424
16 0 15 7 22.4192
16 0 15 8 41.519
16 0 15 9 41.7241
16 0 15 10 40.7223
16 0 15 11 42.1249
16 0 15 12 42.37
16 0 15 13 40.4105
16 0 15 14 40.5815
16 0 15 15 41.6829
16 0 15 16 42.2749
16 0 15 17 41.3946
16 0 15 18 41.7798
16 0 15 19 41.4508
16 0 15 20 41.878
16 0 15 21 41.9028
16 0 15 22 41.737
16 0 15 23 40.5021
16 0 15 24 22.3723
16 0 15 25 22.5201
16 0 15 26 22.1648
16 0 15 27 21.8265
16 0 15 28 22.021
16 0 15 29 22.9939
16 0 15 30 22.7787
16 0 15 31 22.3426
16 0 16 0 22.6764
16 0 16 1 21.898
16 0 16 2 22.0527
16 0 16 3 20.7765
16 0 16 4 21.4018
16 0 16 5 22.3694
16 0 16 6 22.4665
16 0 16 7 21.8659
16 0 16 8 42.0015
16 0 16 9 41.4711
16 0 16 10 41.3592
16 0 16 11 40.4984
16 0 16 12 40.061
16 0 16 13 40.9769
16 0 16 14 41.9433
16 0 16 15 42.1432
16 0 16 16 40.3891
16 0 16 17 42.2993
16 0 16 18 41.8998
16 0 16 19 41.7015
16 0 16 20 42.1867
16 0 16 21 41.7482
16 0 16 22 40.3646
16 0 16 23 41.2662
16 0 16 24 21.6936
16 0 16 25 22.6929
16 0 16 26 22.4844
16 0 16 27 22.2805
16 0 16 28 22.1184
16 0 16 29 23.4438
16 0 16 30 22.1402
16 0 16 31 22.8031
16 0 17 0 21.0135
16 0 17 1 21.2042
16 0 17 2 21.9123
16 0 17 3 22.0838
16 0 17 4 21.6045
16 0 17 5 22.6948
16 0 17 6 22.0813
16 0 17 7 22.1414
16 0 17 8 44.3766
16 0 17 9 42.8544
16 0 17 10 41.2317
16 0 17 11 41.1698
16 0 17 12 40.3824
16 0 17 13 41.2691
16 0 17 14 42.0283
16 0 17 15 41.8915
16 0 17 16 42.7705
16 0 17 17 42.8971
16 0 17 18 41.6865
16 0 17 19 43.2708
16 0 17 20 42.3587
16 0 17 21 42.5097
16 0 17 22 42.1814
16 0 17 23 42.4123
16 0 17 24 21.9276
16 0 17 25 22.2657
16 0 17 26 23.0225
16 0 17 27 22.1674
16 0 17 28 22.0994
16 0 17 29 23.0666
16 0 17 30 22.8616
16 0 17 31 23.2257
16 1 0 0 21.5343
16 1 0 1 21.6922
16 1 0 2 21.741
16 1 0 3 22.1022
16 1 0 4 21.5443
16 1 0 5 20.8953
16 1 0 6 22.5671
16 1 0 7 21.2291
16 1 0 8 35.5595
16 1 0 9 35.904
16 1 0 10 36.3695
16 1 0 11 36.0037
16 1 0 12 36.6
16 1 0 13 37.2775
16 1 0 14 36.195
16 1 0 15 36.5813
16 1 0 16 20.8861
16 1 0 17 21.8119
16 1 0 18 21.6663
16 1 0 19 21.4316
16 1 0 20 21.3028
16 1 0 21 21.6875
16 1 0 22 21.6026
16 1 0 23 22.5837
16 1 1 0 22.767
16 1 1 1 22.6478
16 1 1 2 22.022
16 1 1 3 22.2028
16 1 1 4 22.0775
16 1 1 5 22.4071
16 1 1 6 22.2682
16 1 1 7 22.0622
16 1 1 8 40.4416
16 1 1 9 41.5686
16 1 1 10 40.7607
16 1 1 11 40.4054
16 1 1 12 41.5782
16 1 1 13 40.2527
16 1 1 14 40.5364
16 1 1 15 40.153
16 1 1 16 41.0495
16 1 1 17 41.8948
16 1 1 18 40.8786
16 1 1 19 41.186
16 1 1 20 40.0061
16 1 1 21 41.3061
16 1 1 22 40.1723
16 1 1 23 40.8367
16 1 1 24 21.9791
16 1 1 25 22.0319
16 1 1 26 21.5038
16 1 1 27 21.9324
16 1 1 28 21.7785
16 1 1 29 21.9643
16 1 1 30 22.2191
16 1 1 31 22.3666
16 1 2 0 22.5956
16 1 2 1 22.5483
16 1 2 2 22.2654
16 1 2 3 21.6072
16 1 2 4 22.2208
16 1 2 5 22.6109
16 1 2 6 22.4169
16 1 2 7 21.9219
16 1 2 8 40.4506
16 1 2 9 41.1471
16 1 2 10 41.1342
16 1 2 11 40.2457
16 1 2 12 40.599
16 1 2 13 40.092
16 1 2 14 40.8515
16 1 2 15 40.1585
16 1 2 16 41.6737
16 1 2 17 41.6421
16 1 2 18 39.4598
16 1 2 19 41.6014
16 1 2 20 39.2875
16 1 2 21 41.2668
16 1 2 22 40.6129
16 1 2 23 40.3087
16 1 2 24 21.806
16 1 2 25 22.0558
16 1 2 26 22.6171
16 1 2 27 22.4443
16 1 2 28 22.6499
16 1 2 29 22.3439
16 1 2 30 22.6559
16 1 2 31 22.0742
16 1 3 0 22.6562
16 1 3 1 22.2046
16 1 3 2 22.1992
16 1 3 3 22.6265
16 1 3 4 22.2634
16 1 3 5 22.1789
16 1 3 6 22.331
16 1 3 7 22.5299
16 1 3 8 40.838
16 1 3 9 40.9189
16 1 3 10 40.4435
16 1 3 11 41.6411
16 1 3 12 42.0408
16 1 3 13 41.2753
16 1 3 14 40.6313
16 1 3 15 41.2494
16 1 3 16 42.6326
16 1 3 17 41.4981
16 1 3 18 40.8724
16 1 3 19 40.3005
16 1 3 20 40.2609
16 1 3 21 40.4158
16 1 3 22 40.5022
16 1 3 23 40.1545
16 1 3 24 21.6183
16 1 3 25 21.9094
16 1 3 26 22.19
16 1 3 27 22.1996
16 1 3 28 21.8545
16 1 3 29 22.7099
16 1 3 30 22.948
16 1 3 31 22.738
16 1 4 0 22.0678
16 1 4 1 22.1117
16 1 4 2 22.509
16 1 4 3 22.4552
16 1 4 4 22.4695
16 1 4 5 21.7513
16 1 4 6 22.637
16 1 4 7 22.5262
16 1 4 8 40.0318
16 1 4 9 40.8229
16 1 4 10 42.2373
16 1 4 11 40.7926
16 1 4 12 41.2081
16 1 4 13 40.4947
16 1 4 14 41.7106
16 1 4 15 40.8545
16 1 4 16 40.9316
16 1 4 17 41.0477
16 1 4 18 40.778
16 1 4 19 41.4131
16 1 4 20 40.3185
16 1 4 21 39.9141
16 1 4 22 41.2603
16 1 4 23 39.8977
16 1 4 24 22.231
16 1 4 25 21.942
16 1 4 26 21.3917
16 1 4 27 22.0729
16 1 4 28 22.0936
16 1 4 29 22.2882
16 1 4 30 22.556
16 1 4 31 22.8224
16 1 5 0 22.1294
16 1 5 1 22.3123
16 1 5 2 21.8726
16 1 5 3 22.5308
16 1 5 4 22.1737
16 1 5 5 22.3835
16 1 5 6 22.6083
16 1 5 7 21.7836
16 1 5 8 40.2863
16 1 5 9 42.0592
16 1 5 10 39.4538
16 1 5 11 40.8023
16 1 5 12 41.3722
16 1 5 13 41.1554
16 1 5 14 40.1825
16 1 5 15 41.1737
16 1 5 16 41.0755
16 1 5 17 41.165
16 1 5 18 41.6006
16 1 5 19 41.6012
16 1 5 20 39.7226
16 1 5 21 39.4256
16 1 5 22 40.7342
16 1 5 23 42.0059
16 1 5 24 21.9483
16 1 5 25 21.8955
16 1 5 26 22.1296
16 1 5 27 21.7064
16 1 5 28 21.9598
16 1 5 29 21.9472
16 1 5 30 22.7617
16 1 5 31 21.8525
16 1 6 0 21.4813
16 1 6 1 22.0176
16 1 6 2 21.6565
16 1 6 3 22.6853
16 1 6 4 22.1344
16 1 6 5 22.4608
16 1 6 6 21.7057
16 1 6 7 22.2919
16 1 6 8 39.7352
16 1 6 9 40.4428
16 1 6 10 40.9384
16 1 6 11 40.8422
16 1 6 12 42.202
16 1 6 13 40.3483
16 1 6 14 40.3531
16 1 6 15 41.1774
16 1 6 16 41.1919
16 1 6 17 41.4342
16 1 6 18 41.8374
16 1 6 19 40.3974
16 1 6 20 42.282
16 1 6 21 40.8587
16 1 6 22 40.2514
16 1 6 23 40.8678
16 1 6 24 22.1749
16 1 6 25 21.8998
16 1 6 26 22.3068
16 1 6 27 21.898
16 1 6 28 22.5859
16 1 6 29 22.3251
16 1 6 30 23.0987
16 1 6 31 22.0555
16 1 7 0 22.0853
16 1 7 1 22.5421
16 1 7 2 22.0096
16 1 7 3 22.1866
16 1 7 4 21.7107
16 1 7 5 22.489
16 1 7 6 22.7657
16 1 7 7 21.4623
16 1 7 8 39.9595
16 1 7 9 40.4505
16 1 7 10 41.1769
16 1 7 11 40.9732
16 1 7 12 40.6519
16 1 7 13 38.7939
16 1 7 14 41.4656
16 1 7 15 41.9937
16 1 7 16 41.1225
16 1 7 17 40.9916
16 1 7 18 41.1375
16 1 7 19 41.9746
16 1 7 20 40.1357
16 1 7 21 41.3587
16 1 7 22 40.2425
16 1 7 23 42.022
16 1 7 24 21.8939
16 1 7 25 21.8686
16 1 7 26 23.0819
16 1 7 27 21.498
16 1 7 28 21.9811
16 1 7 29 22.5569
16 1 7 30 22.284
16 1 7 31 22.1436
16 1 8 0 21.4124
16 1 8 1 21.724
16 1 8 2 21.9609
16 1 8 3 21.5795
16 1 8 4 22.0165
16 1 8 5 21.694
16 1 8 6 21.9957
16 1 8 7 21.6414
16 1 8 8 40.8504
16 1 8 9 41.4999
16 1 8 10 41.2841
16 1 8 11 40.0131
16 1 8 12 40.8506
16 1 8 13 40.5133
16 1 8 14 39.7547
16 1 8 15 41.776
16 1 8 16 40.2744
16 1 8 17 41.3674
16 1 8 18 40.3953
16 1 8 19 40.8316
16 1 8 20 40.8336
16 1 8 21 41.8374
16 1 8 22 41.8031
16 1 8 23 40.0039
16 1 8 24 22.3503
16 1 8 25 21.8284
16 1 8 26 22.4278
16 1 8 27 21.3709
16 1 8 28 22.3651
16 1 8 29 21.899
16 1 8 30 22.483
16 1 8 31 21.925
16 1 9 0 22.453
16 1 9 1 21.865
16 1 9 2 22.4566
16 1 9 3 22.4821
16 1 9 4 22.3033
16 1 9 5 21.4996
16 1 9 6 21.8761
16 1 9 7 22.4849
16 1 9 8 41.0116
16 1 9 9 40.8971
16 1 9 10 41.208
16 1 9 11 41.041
16 1 9 12 41.657
16 1 9 13 41.5891
16 1 9 14 41.8816
16 1 9 15 40.7332
16 1 9 16 41.7607
16 1 9 17 41.3107
16 1 9 18 40.566
16 1 9 19 40.8072
16 1 9 20 41.1403
16 1 9 21 0
16 1 9 22 41.0989
16 1 9 23 42.2307
16 1 9 24 22.5631
16 1 9 25 21.6866
16 1 9 26 21.4481
16 1 9 27 21.417
16 1 9 28 21.6735
16 1 9 29 22.5677
16 1 9 30 21.9738
16 1 9 31 22.5084
16 1 10 0 21.3897
16 1 10 1 21.8248
16 1 10 2 22.5007
16 1 10 3 22.2514
16 1 10 4 21.9958
16 1 10 5 21.9947
16 1 10 6 21.6056
16 1 10 7 22.2164
16 1 10 8 40.997
16 1 10 9 40.4107
16 1 10 10 41.7597
16 1 10 11 42.2264
16 1 10 12 39.0108
16 1 10 13 41.0986
16 1 10 14 43.3285
16 1 10 15 41.1964
16 1 10 16 42.4067
16 1 10 17 40.8984
16 1 10 18 40.3447
16 1 10 19 40.4858
16 1 10 20 40.2219
16 1 10 21 41.5049
16 1 10 22 41.4512
16 1 10 23 41.1474
16 1 10 24 22.6443
16 1 10 25 22.1156
16 1 10 26 21.6511
16 1 10 27 21.4545
16 1 10 28 21.7619
16 1 10 29 20.951
16 1 10 30 22.4527
16 1 10 31 22.8982
16 1 11 0 22.3027
16 1 11 1 22.3928
16 1 11 2 22.2101
16 1 11 3 22.1107
16 1 11 4 21.655
16 1 11 5 21.4041
16 1 11 6 21.7267
16 1 11 7 22.1068
16 1 11 8 40.769
16 1 11 9 41.5926
16 1 11 10 41.0709
16 1 11 11 42.3551
16 1 11 12 41.1433
16 1 11 13 41.2431
16 1 11 14 40.7987
16 1 11 15 40.3914
16 1 11 16 41.5821
16 1 11 17 40.9042
16 1 11 18 40.968
16 1 11 19 40.7364
16 1 11 20 41.5272
16 1 11 21 41.2537
16 1 11 22 41.874
16 1 11 23 41.6167
16 1 11 24 21.965
16 1 11 25 21.4885
16 1 11 26 22.0611
16 1 11 27 21.9133
16 1 11 28 22.0365
16 1 11 29 21.7318
16 1 11 30 22.2282
16 1 11 31 22.0709
16 1 12 0 21.6198
16 1 12 1 22.2329
16 1 12 2 21.7392
16 1 12 3 21.9162
16 1 12 4 21.9083
16 1 12 5 22.1174
16 1 12 6 21.739
16 1 12 7 22.7781
16 1 12 8 40.6788
16 1 12 9 40.5113
16 1 12 10 41.3104
16 1 12 11 41.37
16 1 12 12 42.375
16 1 12 13 41.3648
16 1 12 14 41.9748
16 1 12 15 42.2627
16 1 12 16 41.5707
16 1 12 17 41.2768
16 1 12 18 41.0137
16 1 12 19 40.5611
16 1 12 20 41.8045
16 1 12 21 41.7559
16 1 12 22 40.525
16 1 12 23 42.047
16 1 12 24 22.0153
16 1 12 25 22.0867
16 1 12 26 22.4707
16 1 12 27 22.4222
16 1 12 28 20.9371
16 1 12 29 21.2092
16 1 12 30 21.5637
16 1 12 31 22.1423
16 1 13 0 21.7686
16 1 13 1 21.8934
16 1 13 2 22.2925
16 1 13 3 22.2662
16 1 13 4 22.2041
16 1 13 5 21.0748
16 1 13 6 22.0639
16 1 13 7 21.6657
16 1 13 8 42.1113
16 1 13 9 41.4904
16 1 13 10 38.643
16 1 13 11 41.7134
16 1 13 12 41.2691
16 1 13 13 41.0842
16 1 13 14 40.9448
16 1 13 15 41.9194
16 1 13 16 41.1043
16 1 13 17 40.4995
16 1 13 18 40.9261
16 1 13 19 42.1942
16 1 13 20 40.4859
16 1 13 21 40.0225
16 1 13 22 42.4003
16 1 13 23 41.0429
16 1 13 24 21.8183
16 1 13 25 21.8099
16 1 13 26 22.043
16 1 13 27 21.7392
16 1 13 28 21.6376
16 1 13 29 21.8946
16 1 13 30 21.909
16 1 13 31 22.7142
16 1 14 0 22.8202
16 1 14 1 21.3033
16 1 14 2 21.9966
16 1 14 3 22.49
16 1 14 4 22.0746
16 1 14 5 21.4635
16 1 14 6 22.3642
16 1 14 7 22.1664
16 1 14 8 41.5083
16 1 14 9 42.389
16 1 14 10 40.2557
16 1 14 11 40.3717
16 1 14 12 40.3552
16 1 14 13 42.2283
16 1 14 14 40.7295
16 1 14 15 40.5849
16 1 14 16 40.6662
16 1 14 17 41.2474
16 1 14 18 40.6705
16 1 14 19 41.135
16 1 14 20 41.6237
16 1 14 21 40.5934
16 1 14 22 41.2269
16 1 14 23 40.5966
16 1 14 24 21.9561
16 1 14 25 21.498
16 1 14 26 21.4297
16 1 14 27 22.1726
16 1 14 28 22.3049
16 1 14 29 21.8342
16 1 14 30 22.0536
16 1 14 31 22.123
16 1 15 0 21.3593
16 1 15 1 21.4626
16 1 15 2 21.2341
16 1 15 3 21.7457
16 1 15 4 21.8641
16 1 15 5 21.7909
16 1 15 6 21.5186
16 1 15 7 21.4458
16 1 15 8 41.7608
16 1 15 9 40.9618
16 1 15 10 41.6443
16 1 15 11 40.7608
16 1 15 12 40.8561
16 1 15 13 41.8363
16 1 15 14 42.4422
16 1 15 15 40.9666
16 1 15 16 41.1181
16 1 15 17 42.1878
16 1 15 18 41.6684
16 1 15 19 40.8629
16 1 15 20 40.4806
16 1 15 21 41.3632
16 1 15 22 42.947
16 1 15 23 40.0748
16 1 15 24 22.6122
16 1 15 25 22.2478
16 1 15 26 21.3455
16 1 15 27 21.2934
16 1 15 28 21.7769
16 1 15 29 21.9582
16 1 15 30 21.9309
16 1 15 31 22.0486
16 1 16 0 21.6897
16 1 16 1 21.6816
16 1 16 2 22.1341
16 1 16 3 21.5124
16 1 16 4 21.8763
16 1 16 5 22.3031
16 1 16 6 21.1534
16 1 16 7 21.8069
16 1 16 8 42.522
16 1 16 9 43.2061
16 1 16 10 42.0192
16 1 16 11 40.7552
16 1 16 12 40.3383
16 1 16 13 41.6262
16 1 16 14 42.1868
16 1 16 15 41.776
16 1 16 16 40.8154
16 1 16 17 42.1466
16 1 16 18 41.5102
16 1 16 19 40.4475
16 1 16 20 42.7943
16 1 16 21 42.1018
16 1 16 22 42.7772
16 1 16 23 41.3609
16 1 16 24 21.8288
16 1 16 25 23.2594
16 1 16 26 21.6594
16 1 16 27 21.644
16 1 16 28 21.767
16 1 16 29 21.6961
16 1 16 30 20.5977
16 1 16 31 22.2245
16 1 17 0 21.0919
16 1 17 1 21.427
16 1 17 2 21.8837
16 1 17 3 21.4788
16 1 17 4 21.4151
16 1 17 5 22.1467
16 1 17 6 22.0149
16 1 17 7 22.2345
16 1 17 8 42.3644
16 1 17 9 41.9495
16 1 17 10 42.0957
16 1 17 11 40.2293
16 1 17 12 42.1244
16 1 17 13 42.8398
16 1 17 14 41.896
16 1 17 15 41.2181
16 1 17 16 41.2833
16 1 17 17 40.0892
16 1 17 18 41.4841
16 1 17 19 41.3812
16 1 17 20 42.7237
16 1 17 21 41.4331
16 1 17 22 42.4107
16 1 17 23 40.1939
16 1 17 24 21.3046
16 1 17 25 21.7909
16 1 17 26 21.1583
16 1 17 27 20.7866
16 1 17 28 21.724
16 1 17 29 22.1603
16 1 17 30 21.5611
16 1 17 31 21.6948
2 0 0 0 23.5654
2 0 0 1 22.1693
2 0 0 2 22.5319
2 0 0 3 22.777
2 0 0 4 22.9065
2 0 0 5 23.2914
2 0 0 6 23.1563
2 0 0 7 23.2012
2 0 0 8 22.7302
2 0 0 9 22.3111
2 0 0 10 22.8914
2 0 0 11 22.9574
2 0 0 12 22.6937
2 0 0 13 22.7741
2 0 0 14 23.0307
2 0 0 15 21.9819
2 0 0 16 22.8025
2 0 0 17 22.3017
2 0 0 18 22.2131
2 0 0 19 22.6137
2 0 0 20 22.0477
2 0 0 21 22.904
2 0 0 22 21.876
2 0 0 23 22.6703
2 0 1 0 22.8686
2 0 1 1 24.8734
2 0 1 2 22.9338
2 0 1 3 22.3365
2 0 1 4 23.3422
2 0 1 5 23.7975
2 0 1 6 22.7969
2 0 1 7 23.3516
2 0 1 8 23.5991
2 0 1 9 23.3663
2 0 1 10 23.6673
2 0 1 11 23.7479
2 0 1 12 23.6914
2 0 1 13 23.7452
2 0 1 14 23.3018
2 0 1 15 23.5021
2 0 1 16 22.9534
2 0 1 17 23.5437
2 0 1 18 24.4189
2 0 1 19 23.0702
2 0 1 20 23.0525
2 0 1 21 23.8137
2 0 1 22 22.5267
2 0 1 23 23.7345
2 0 2 0 24.0928
2 0 2 1 24.0951
2 0 2 2 23.3367
2 0 2 3 23.0374
2 0 2 4 23.6753
2 0 2 5 22.7759
2 0 2 6 23.1801
2 0 2 7 23.4251
2 0 2 8 22.8672
2 0 2 9 23.883
2 0 2 10 24.0399
2 0 2 11 23.5095
2 0 2 12 23.4789
2 0 2 13 22.9866
2 0 2 14 23.3559
2 0 2 15 23.0747
2 0 2 16 23.7316
2 0 2 17 23.1528
2 0 2 18 23.2395
2 0 2 19 22.9976
2 0 2 20 22.7761
2 0 2 21 23.6979
2 0 2 22 23.4369
2 0 2 23 23.5893
2 0 3 0 24.2446
2 0 3 1 23.7952
2 0 3 2 23.2418
2 0 3 3 23.3288
2 0 3 4 23.7158
2 0 3 5 23.0098
2 0 3 6 23.8387
2 0 3 7 23.3881
2 0 3 8 22.5807
2 0 3 9 23.0452
2 0 3 10 23.3885
2 0 3 11 23.0784
2 0 3 12 23.7569
2 0 3 13 23.9926
2 0 3 14 23.7128
2 0 3 15 23.9755
2 0 3 16 23.4574
2 0 3 17 23.4018
2 0 3 18 23.2994
2 0 3 19 23.1815
2 0 3 20 23.4213
2 0 3 21 24.7195
2 0 3 22 24.4792
2 0 3 23 24.8339
2 0 4 0 23.7396
2 0 4 1 23.9589
2 0 4 2 23.878
2 0 4 3 23.1697
2 0 4 4 24.2987
2 0 4 5 23.2842
2 0 4 6 22.8888
2 0 4 7 23.4714
2 0 4 8 24.1944
2 0 4 9 24.2037
2 0 4 10 24.787
2 0 4 11 24.6106
2 0 4 12 23.8982
2 0 4 13 23.4979
2 0 4 14 24.1138
2 0 4 15 23.9684
2 0 4 16 23.3526
2 0 4 17 23.3144
2 0 4 18 23.6745
2 0 4 19 23.3166
2 0 4 20 24.6956
2 0 4 21 23.8433
2 0 4 22 24.0357
2 0 4 23 23.8416
2 0 5 0 24.7995
2 0 5 1 24.7198
2 0 5 2 23.2764
2 0 5 3 24.6107
2 0 5 4 24.033
2 0 5 5 24.0371
2 0 5 6 24.0646
2 0 5 7 24.3396
2 0 5 8 24.0678
2 0 5 9 23.9383
2 0 5 10 24.4243
2 0 5 11 23.6898
2 0 5 12 24.3734
2 0 5 13 23.6208
2 0 5 14 23.7734
2 0 5 15 24.407
2 0 5 16 23.9392
2 0 5 17 23.5835
2 0 5 18 23.9097
2 0 5 19 24.4874
2 0 5 20 25.1607
2 0 5 21 23.0175
2 0 5 22 24.141
2 0 5 23 24.0044
2 0 6 0 24.4296
2 0 6 1 24.6399
2 0 6 2 23.1619
2 0 6 3 24.6383
2 0 6 4 24.4951
2 0 6 5 24.1933
2 0 6 6 25.1488
2 0 6 7 23.0189
2 0 6 8 24.2703
2 0 6 9 24.9097
2 0 6 10 23.9706
2 0 6 11 23.3906
2 0 6 12 23.0642
2 0 6 13 24.306
2 0 6 14 23.3287
2 0 6 15 23.7082
2 0 6 16 23.1758
2 0 6 17 23.9082
2 0 6 18 23.5024
2 0 6 19 24.0517
2 0 6 20 24.6373
2 0 6 21 24.8198
2 0 6 22 24.7483
2 0 6 23 24.7456
2 0 7 0 23.9435
2 0 7 1 23.9236
2 0 7 2 23.2358
2 0 7 3 23.936
2 0 7 4 24.7093
2 0 7 5 23.4363
2 0 7 6 24.0386
2 0 7 7 24.1883
2 0 7 8 23.6445
2 0 7 9 24.3657
2 0 7 10 23.4922
2 0 7 11 23.7506
2 0 7 12 24.4254
2 0 7 13 23.7056
2 0 7 14 24.0891
2 0 7 15 23.5196
2 0 7 16 23.6994
2 0 7 17 24.9541
2 0 7 18 24.575
2 0 7 19 24.445
2 0 7 20 23.8291
2 0 7 21 23.9922
2 0 7 22 24.0513
2 0 7 23 24.8196
2 0 8 0 23.3887
2 0 8 1 24.3346
2 0 8 2 23.4286
2 0 8 3 24.604
2 0 8 4 24.1315
2 0 8 5 24.3972
2 0 8 6 23.5048
2 0 8 7 24.1286
2 0 8 8 23.878
2 0 8 9 23.7329
2 0 8 10 23.9024
2 0 8 11 24.0825
2 0 8 12 24.3767
2 0 8 13 24.0277
2 0 8 14 23.5631
2 0 8 15 24.1798
2 0 8 16 24.44
2 0 8 17 23.1025
2 0 8 18 24.1521
2 0 8 19 23.7443
2 0 8 20 24.7533
2 0 8 21 24.569
2 0 8 22 25.9081
2 0 8 23 24.8389
2 0 9 0 23.9415
2 0 9 1 23.5848
2 0 9 2 23.5868
2 0 9 3 24.9427
2 0 9 4 23.8684
2 0 9 5 23.6385
2 0 9 6 23.7274
2 0 9 7 23.798
2 0 9 8 23.3452
2 0 9 9 23.8904
2 0 9 10 23.6422
2 0 9 11 23.876
2 0 9 12 22.9916
2 0 9 13 23.3726
2 0 9 14 24.9238
2 0 9 15 23.8252
2 0 9 16 23.6059
2 0 9 17 23.9329
2 0 9 18 23.531
2 0 9 19 23.6194
2 0 9 20 24.0593
2 0 9 21 24.9697
2 0 9 22 23.7221
2 0 9 23 25.6843
2 0 10 0 23.5873
2 0 10 1 23.3071
2 0 10 2 23.7739
2 0 10 3 23.9173
2 0 10 4 23.2647
2 0 10 5 24.4696
2 0 10 6 24.2519
2 0 10 7 23.3755
2 0 10 8 22.6589
2 0 10 9 24.1177
2 0 10 10 23.9238
2 0 10 11 22.9213
2 0 10 12 24.12
2 0 10 13 22.774
2 0 10 14 23.4271
2 0 10 15 24.611
2 0 10 16 23.9091
2 0 10 17 23.8825
2 0 10 18 23.434
2 0 10 19 24.3681
2 0 10 20 24.6442
2 0 10 21 23.1629
2 0 10 22 22.9816
2 0 10 23 23.4073
2 1 0 0 22.1884
2 1 0 1 23.184
2 1 0 2 22.4893
2 1 0 3 22.6042
2 1 0 4 22.8671
2 1 0 5 22.8362
2 1 0 6 22.1741
2 1 0 7 22.4041
2 1 0 8 23.2146
2 1 0 9 23.086
2 1 0 10 22.0814
2 1 0 11 21.6949
2 1 0 12 22.5427
2 1 0 13 23.0494
2 1 0 14 22.5039
2 1 0 15 22.5517
2 1 0 16 22.3361
2 1 0 17 22.4501
2 1 0 18 21.8704
2 1 0 19 22.1007
2 1 0 20 22.1306
2 1 0 21 22.7693
2 1 0 22 22.3225
2 1 0 23 21.8322
2 1 1 0 24.1945
2 1 1 1 23.9778
2 1 1 2 24.3887
2 1 1 3 23.2139
2 1 1 4 23.0156
2 1 1 5 23.3182
2 1 1 6 23.6664
2 1 1 7 23.1191
2 1 1 8 24.5134
2 1 1 9 23.1887
2 1 1 10 24.3232
2 1 1 11 23.3313
2 1 1 12 23.243
2 1 1 13 24.2165
2 1 1 14 24.0521
2 1 1 15 23.9788
2 1 1 16 23.6173
2 1 1 17 23.424
2 1 1 18 23.6403
2 1 1 19 23.2877
2 1 1 20 23.3972
2 1 1 21 23.66
2 1 1 22 24.3027
2 1 1 23 22.96
2 1 2 0 23.7928
2 1 2 1 23.6955
2 1 2 2 23.5671
2 1 2 3 23.3742
2 1 2 4 22.7627
2 1 2 5 23.1928
2 1 2 6 23.4145
2 1 2 7 24.2214
2 1 2 8 23.532
2 1 2 9 22.9518
2 1 2 10 23.0942
2 1 2 11 23.8284
2 1 2 12 23.4426
2 1 2 13 23.9013
2 1 2 14 24.3724
2 1 2 15 23.1742
2 1 2 16 23.9078
2 1 2 17 23.4528
2 1 2 18 22.6908
2 1 2 19 23.6902
2 1 2 20 23.56
2 1 2 21 23.8652
2 1 2 22 23.0967
2 1 2 23 22.7555
2 1 3 0 23.8002
2 1 3 1 23.9769
2 1 3 2 23.4176
2 1 3 3 23.3336
2 1 3 4 23.3097
2 1 3 5 23.2318
2 1 3 6 23.2318
2 1 3 7 22.7756
2 1 3 8 23.6727
2 1 3 9 22.9083
2 1 3 10 23.9916
2 1 3 11 23.1831
2 1 3 12 23.0422
2 1 3 13 24.2134
2 1 3 14 23.1887
2 1 3 15 23.2612
2 1 3 16 24.1826
2 1 3 17 23.3413
2 1 3 18 23.3813
2 1 3 19 24.3186
2 1 3 20 23.2067
2 1 3 21 23.0967
2 1 3 22 22.8109
2 1 3 23 23.6216
2 1 4 0 23.4992
2 1 4 1 23.7221
2 1 4 2 24.5449
2 1 4 3 23.706
2 1 4 4 24.4973
2 1 4 5 24.1981
2 1 4 6 23.0017
2 1 4 7 24.0377
2 1 4 8 23.3018
2 1 4 9 24.2008
2 1 4 10 24.3231
2 1 4 11 23.5895
2 1 4 12 23.3719
2 1 4 13 24.2378
2 1 4 14 23.8531
2 1 4 15 24.6334
2 1 4 16 24.3263
2 1 4 17 23.4862
2 1 4 18 24.13
2 1 4 19 23.5035
2 1 4 20 23.6226
2 1 4 21 23.3855
2 1 4 22 23.4628
2 1 4 23 22.7996
2 1 5 0 23.17
2 1 5 1 23.5073
2 1 5 2 25.2074
2 1 5 3 23.3878
2 1 5 4 23.7507
2 1 5 5 23.3925
2 1 5 6 22.8495
2 1 5 7 23.1374
2 1 5 8 24.0343
2 1 5 9 23.6263
2 1 5 10 23.7107
2 1 5 11 23.252
2 1 5 12 23.6811
2 1 5 13 24.1357
2 1 5 14 23.575
2 1 5 15 24.4091
2 1 5 16 23.6427
2 1 5 17 23.5583
2 1 5 18 24.0715
2 1 5 19 23.2231
2 1 5 20 23.8786
2 1 5 21 22.9965
2 1 5 22 23.6072
2 1 5 23 23.2842
2 1 6 0 24.0124
2 1 6 1 23.7693
2 1 6 2 23.9132
2 1 6 3 23.677
2 1 6 4 22.9825
2 1 6 5 23.2714
2 1 6 6 24.5122
2 1 6 7 23.2469
2 1 6 8 24.2386
2 1 6 9 23.7707
2 1 6 10 23.1095
2 1 6 11 24.2224
2 1 6 12 23.6171
2 1 6 13 23.4779
2 1 6 14 24.0298
2 1 6 15 23.8186
2 1 6 16 23.5354
2 1 6 17 24.6073
2 1 6 18 23.8616
2 1 6 19 23.0142
2 1 6 20 23.8996
2 1 6 21 25.2878
2 1 6 22 23.8806
2 1 6 23 23.1269
2 1 7 0 23.1436
2 1 7 1 23.8307
2 1 7 2 24.0036
2 1 7 3 23.2211
2 1 7 4 22.7146
2 1 7 5 23.6536
2 1 7 6 23.903
2 1 7 7 23.6604
2 1 7 8 23.9005
2 1 7 9 23.5601
2 1 7 10 23.0422
2 1 7 11 24.0037
2 1 7 12 23.5166
2 1 7 13 23.7153
2 1 7 14 23.2292
2 1 7 15 22.5969
2 1 7 16 24.4646
2 1 7 17 24.4356
2 1 7 18 23.0433
2 1 7 19 22.8798
2 1 7 20 22.6123
2 1 7 21 24.2867
2 1 7 22 23.9486
2 1 7 23 23.8821
2 1 8 0 23.4898
2 1 8 1 23.2732
2 1 8 2 22.6609
2 1 8 3 23.4707
2 1 8 4 22.905
2 1 8 5 23.4138
2 1 8 6 23.6456
2 1 8 7 23.4386
2 1 8 8 24.3374
2 1 8 9 23.963
2 1 8 10 23.349
2 1 8 11 23.9921
2 1 8 12 23.8945
2 1 8 13 23.1334
2 1 8 14 23.8372
2 1 8 15 23.0773
2 1 8 16 23.8504
2 1 8 17 23.9402
2 1 8 18 24.1638
2 1 8 19 23.3877
2 1 8 20 24.3441
2 1 8 21 24.2105
2 1 8 22 23.4622
2 1 8 23 24.5771
2 1 9 0 23.2783
2 1 9 1 24.8433
2 1 9 2 23.7267
2 1 9 3 23.828
2 1 9 4 23.7854
2 1 9 5 23.9821
2 1 9 6 23.44
2 1 9 7 23.5762
2 1 9 8 24.1515
2 1 9 9 22.5008
2 1 9 10 23.744
2 1 9 11 23.5688
2 1 9 12 23.3417
2 1 9 13 23.5417
2 1 9 14 22.7005
2 1 9 15 23.9366
2 1 9 16 23.7608
2 1 9 17 24.4797
2 1 9 18 23.0174
2 1 9 19 23.846
2 1 9 20 23.7349
2 1 9 21 24.8978
2 1 9 22 23.2823
2 1 9 23 23.3889
2 1 10 0 23.0278
2 1 10 1 23.5753
2 1 10 2 23.4525
2 1 10 3 22.5123
2 1 10 4 22.4991
2 1 10 5 23.0489
2 1 10 6 22.9219
2 1 10 7 23.4366
2 1 10 8 23.3728
2 1 10 9 23.3655
2 1 10 10 22.2114
2 1 10 11 22.2374
2 1 10 12 23.2771
2 1 10 13 23.2988
2 1 10 14 23.1031
2 1 10 15 23.7455
2 1 10 16 22.7156
2 1 10 17 23.3804
2 1 10 18 21.8758
2 1 10 19 23.419
2 1 10 20 22.0559
2 1 10 21 23.2114
2 1 10 22 22.876
2 1 10 23 22.5261
3 0 0 0 23.9897
3 0 0 1 22.3031
3 0 0 2 23.2208
3 0 0 3 22.0221
3 0 0 4 22.6389
3 0 0 5 23.1055
3 0 0 6 22.9182
3 0 0 7 22.5276
3 0 0 8 22.5278
3 0 0 9 22.6564
3 0 0 10 22.6602
3 0 0 11 22.5841
3 0 0 12 22.4396
3 0 0 13 22.4234
3 0 0 14 23.0846
3 0 0 15 22.2755
3 0 0 16 22.2658
3 0 0 17 22.3243
3 0 0 18 23.063
3 0 0 19 21.9901
3 0 0 20 22.4985
3 0 0 21 22.278
3 0 0 22 21.9246
3 0 0 23 22.6624
3 0 1 0 25.8685
3 0 1 1 23.5004
3 0 1 2 24.1073
3 0 1 3 23.7844
3 0 1 4 23.6604
3 0 1 5 23.4264
3 0 1 6 22.5333
3 0 1 7 23.541
3 0 1 8 23.6666
3 0 1 9 22.6911
3 0 1 10 22.6908
3 0 1 11 22.9668
3 0 1 12 23.6003
3 0 1 13 23.3627
3 0 1 14 23.8618
3 0 1 15 23.4846
3 0 1 16 23.5823
3 0 1 17 22.8441
3 0 1 18 22.6473
3 0 1 19 22.8401
3 0 1 20 22.9721
3 0 1 21 22.7524
3 0 1 22 23.8886
3 0 1 23 23.1485
3 0 2 0 23.3094
3 0 2 1 23.6025
3 0 2 2 23.8854
3 0 2 3 23.3617
3 0 2 4 23.733
3 0 2 5 23.6471
3 0 2 6 23.1163
3 0 2 7 23.2023
3 0 2 8 22.7889
3 0 2 9 22.684
3 0 2 10 23.5598
3 0 2 11 22.984
3 0 2 12 23.316
3 0 2 13 22.7027
3 0 2 14 23.4458
3 0 2 15 22.7374
3 0 2 16 23.6626
3 0 2 17 23.5078
3 0 2 18 23.1567
3 0 2 19 23.1914
3 0 2 20 23.5113
3 0 2 21 22.8937
3 0 2 22 23.3623
3 0 2 23 23.3892
3 0 3 0 23.5256
3 0 3 1 23.3187
3 0 3 2 23.7039
3 0 3 3 23.8562
3 0 3 4 23.1978
3 0 3 5 22.9115
3 0 3 6 23.3391
3 0 3 7 23.2205
3 0 3 8 23.6112
3 0 3 9 23.5469
3 0 3 10 23.2695
3 0 3 11 23.0235
3 0 3 12 25.2735
3 0 3 13 23.1695
3 0 3 14 22.7926
3 0 3 15 23.3823
3 0 3 16 23.1983
3 0 3 17 23.0409
3 0 3 18 24.3101
3 0 3 19 23.9526
3 0 3 20 23.303
3 0 3 21 23.1235
3 0 3 22 23.9457
3 0 3 23 23.1483
3 0 4 0 24.2009
3 0 4 1 25.0352
3 0 4 2 23.5919
3 0 4 3 24.1683
3 0 4 4 23.9033
3 0 4 5 23.7661
3 0 4 6 23.9475
3 0 4 7 23.891
3 0 4 8 24.3579
3 0 4 9 23.6675
3 0 4 10 24.4405
3 0 4 11 23.8722
3 0 4 12 23.5722
3 0 4 13 24.3463
3 0 4 14 23.1192
3 0 4 15 23.9493
3 0 4 16 23.806
3 0 4 17 24.8328
3 0 4 18 23.7067
3 0 4 19 23.7775
3 0 4 20 23.6645
3 0 4 21 22.9895
3 0 4 22 23.5002
3 0 4 23 25.3688
3 0 5 0 23.6339
3 0 5 1 23.1012
3 0 5 2 25.1358
3 0 5 3 24.0453
3 0 5 4 23.8229
3 0 5 5 23.5557
3 0 5 6 25.0802
3 0 5 7 24.1228
3 0 5 8 23.4831
3 0 5 9 23.683
3 0 5 10 23.5448
3 0 5 11 24.4417
3 0 5 12 24.2386
3 0 5 13 24.0654
3 0 5 14 23.7856
3 0 5 15 24.5522
3 0 5 16 24.0949
3 0 5 17 23.9803
3 0 5 18 24.283
3 0 5 19 24.7325
3 0 5 20 23.7941
3 0 5 21 24.4827
3 0 5 22 23.7102
3 0 5 23 24.9644
3 0 6 0 24.1149
3 0 6 1 24.0998
3 0 6 2 24.0528
3 0 6 3 24.4723
3 0 6 4 24.3852
3 0 6 5 23.7302
3 0 6 6 24.494
3 0 6 7 23.5605
3 0 6 8 23.5432
3 0 6 9 23.3614
3 0 6 10 23.0678
3 0 6 11 24.2774
3 0 6 12 22.6955
3 0 6 13 25.0359
3 0 6 14 24.2453
3 0 6 15 23.6542
3 0 6 16 23.432
3 0 6 17 24.6764
3 0 6 18 23.1752
3 0 6 19 25.0895
3 0 6 20 24.1712
3 0 6 21 23.9583
3 0 6 22 24.8998
3 0 6 23 23.7618
3 0 7 0 24.8188
3 0 7 1 25.5884
3 0 7 2 24.5219
3 0 7 3 23.117
3 0 7 4 24.4795
3 0 7 5 24.3067
3 0 7 6 23.2898
3 0 7 7 24.7751
3 0 7 8 24.1807
3 0 7 9 22.9651
3 0 7 10 23.8721
3 0 7 11 23.9997
3 0 7 12 23.6622
3 0 7 13 24.6905
3 0 7 14 24.0019
3 0 7 15 24.1105
3 0 7 16 24.1209
3 0 7 17 24.6464
3 0 7 18 23.4713
3 0 7 19 23.8254
3 0 7 20 22.6338
3 0 7 21 24.6149
3 0 7 22 24.1323
3 0 7 23 23.6247
3 0 8 0 22.6591
3 0 8 1 24.8748
3 0 8 2 23.6059
3 0 8 3 23.7327
3 0 8 4 22.8651
3 0 8 5 24.0135
3 0 8 6 23.2131
3 0 8 7 23.5169
3 0 8 8 25.1039
3 0 8 9 24.7338
3 0 8 10 24.0734
3 0 8 11 22.612
3 0 8 12 24.1171
3 0 8 13 23.2263
3 0 8 14 24.1781
3 0 8 15 24.6115
3 0 8 16 23.5015
3 0 8 17 24.0934
3 0 8 18 24.1161
3 0 8 19 24.2263
3 0 8 20 23.1121
3 0 8 21 24.1842
3 0 8 22 23.0123
3 0 8 23 24.2845
3 0 9 0 24.5607
3 0 9 1 24.8473
3 0 9 2 23.2609
3 0 9 3 23.5541
3 0 9 4 23.9965
3 0 9 5 23.8495
3 0 9 6 24.0862
3 0 9 7 24.0669
3 0 9 8 24.0387
3 0 9 9 24.927
3 0 9 10 24.3589
3 0 9 11 24.1101
3 0 9 12 24.8992
3 0 9 13 24.8836
3 0 9 14 24.6337
3 0 9 15 23.936
3 0 9 16 24.4746
3 0 9 17 23.5023
3 0 9 18 24.4935
3 0 9 19 24.55
3 0 9 20 23.7619
3 0 9 21 23.6589
3 0 9 22 23.0625
3 0 9 23 24.6917
3 0 10 0 24.3136
3 0 10 1 23.2361
3 0 10 2 22.8181
3 0 10 3 22.5996
3 0 10 4 22.493
3 0 10 5 22.7936
3 0 10 6 23.9475
3 0 10 7 23.3336
3 0 10 8 24.0673
3 0 10 9 24.4212
3 0 10 10 23.5083
3 0 10 11 24.1385
3 0 10 12 23.5526
3 0 10 13 24.6873
3 0 10 14 0
3 0 10 15 23.8154
3 0 10 16 23.3339
3 0 10 17 25.0451
3 0 10 18 23.6642
3 0 10 19 25.2317
3 0 10 20 23.8718
3 0 10 21 23.2206
3 0 10 22 22.3872
3 0 10 23 25.3447
3 1 0 0 22.2937
3 1 0 1 22.5445
3 1 0 2 22.8185
3 1 0 3 21.9927
3 1 0 4 22.1098
3 1 0 5 22.5159
3 1 0 6 22.3449
3 1 0 7 22.7067
3 1 0 8 22.6328
3 1 0 9 22.9663
3 1 0 10 22.1859
3 1 0 11 22.1219
3 1 0 12 22.375
3 1 0 13 22.2658
3 1 0 14 23.5696
3 1 0 15 22.4258
3 1 0 16 21.9182
3 1 0 17 22.2702
3 1 0 18 22.0371
3 1 0 19 21.99
3 1 0 20 23.6266
3 1 0 21 21.8809
3 1 0 22 22.6555
3 1 0 23 22.5833
3 1 1 0 24.19
3 1 1 1 23.5972
3 1 1 2 23.8898
3 1 1 3 23.2607
3 1 1 4 23.2862
3 1 1 5 23.152
3 1 1 6 23.9294
3 1 1 7 23.2384
3 1 1 8 24.1364
3 1 1 9 22.7348
3 1 1 10 24.2101
3 1 1 11 23.4774
3 1 1 12 23.4697
3 1 1 13 23.9249
3 1 1 14 23.2827
3 1 1 15 24.6377
3 1 1 16 22.8936
3 1 1 17 24.1721
3 1 1 18 23.7995
3 1 1 19 23.0877
3 1 1 20 23.8913
3 1 1 21 23.8699
3 1 1 22 23.5543
3 1 1 23 23.8563
3 1 2 0 24.2088
3 1 2 1 23.5695
3 1 2 2 23.8231
3 1 2 3 22.9399
3 1 2 4 23.1858
3 1 2 5 23.3448
3 1 2 6 23.1071
3 1 2 7 23.3739
3 1 2 8 23.3638
3 1 2 9 23.4759
3 1 2 10 23.1419
3 1 2 11 23.1929
3 1 2 12 23.6824
3 1 2 13 23.019
3 1 2 14 22.4097
3 1 2 15 24.1728
3 1 2 16 22.7926
3 1 2 17 23.4785
3 1 2 18 23.557
3 1 2 19 24.0171
3 1 2 20 22.3952
3 1 2 21 23.4842
3 1 2 22 23.4251
3 1 2 23 23.2582
3 1 3 0 23.7355
3 1 3 1 23.4984
3 1 3 2 24.724
3 1 3 3 22.6273
3 1 3 4 23.3144
3 1 3 5 22.7085
3 1 3 6 22.9379
3 1 3 7 23.122
3 1 3 8 23.2477
3 1 3 9 23.7872
3 1 3 10 23.3758
3 1 3 11 23.2517
3 1 3 12 22.4894
3 1 3 13 23.0615
3 1 3 14 22.899
3 1 3 15 22.4265
3 1 3 16 23.9305
3 1 3 17 23.3719
3 1 3 18 23.4508
3 1 3 19 23.5369
3 1 3 20 23.4952
3 1 3 21 23.7591
3 1 3 22 23.9851
3 1 3 23 24.4699
3 1 4 0 23.8299
3 1 4 1 22.7789
3 1 4 2 24.9424
3 1 4 3 23.351
3 1 4 4 23.0866
3 1 4 5 23.9218
3 1 4 6 23.6254
3 1 4 7 22.9967
3 1 4 8 22.603
3 1 4 9 23.7232
3 1 4 10 23.5626
3 1 4 11 23.3409
3 1 4 12 23.7316
3 1 4 13 23.9984
3 1 4 14 23.1277
3 1 4 15 23.7557
3 1 4 16 22.4457
3 1 4 17 24.3998
3 1 4 18 23.499
3 1 4 19 23.3014
3 1 4 20 24.1118
3 1 4 21 23.0007
3 1 4 22 23.6095
3 1 4 23 26.176
3 1 5 0 23.8638
3 1 5 1 23.8487
3 1 5 2 23.4886
3 1 5 3 22.8498
3 1 5 4 23.7812
3 1 5 5 23.8071
3 1 5 6 23.8728
3 1 5 7 23.7746
3 1 5 8 24.061
3 1 5 9 23.6166
3 1 5 10 23.7805
3 1 5 11 23.3504
3 1 5 12 24.3567
3 1 5 13 22.7349
3 1 5 14 23.8591
3 1 5 15 23.392
3 1 5 16 23.7977
3 1 5 17 24.757
3 1 5 18 23.2367
3 1 5 19 24.0426
3 1 5 20 23.8488
3 1 5 21 23.6924
3 1 5 22 23.3574
3 1 5 23 23.7812
3 1 6 0 24.8813
3 1 6 1 23.6235
3 1 6 2 23.0358
3 1 6 3 24.7706
3 1 6 4 22.7851
3 1 6 5 23.1612
3 1 6 6 23.3858
3 1 6 7 23.5599
3 1 6 8 23.9871
3 1 6 9 23.6683
3 1 6 10 23.7181
3 1 6 11 23.6177
3 1 6 12 24.7942
3 1 6 13 24.2803
3 1 6 14 23.326
3 1 6 15 23.4393
3 1 6 16 23.325
3 1 6 17 22.6024
3 1 6 18 23.9159
3 1 6 19 23.2299
3 1 6 20 24.1102
3 1 6 21 23.5154
3 1 6 22 23.5345
3 1 6 23 24.6044
3 1 7 0 26.0987
3 1 7 1 23.0333
3 1 7 2 23.2943
3 1 7 3 25.1763
3 1 7 4 24.0386
3 1 7 5 23.2313
3 1 7 6 24.2388
3 1 7 7 23.7734
3 1 7 8 23.6816
3 1 7 9 23.2352
3 1 7 10 23.5975
3 1 7 11 24.5282
3 1 7 12 23.5967
3 1 7 13 22.9115
3 1 7 14 24.5909
3 1 7 15 24.9506
3 1 7 16 22.4406
3 1 7 17 23.5061
3 1 7 18 24.2317
3 1 7 19 24.0594
3 1 7 20 24.1423
3 1 7 21 23.5474
3 1 7 22 23.5012
3 1 7 23 23.4828
3 1 8 0 25.053
3 1 8 1 23.696
3 1 8 2 23.3135
3 1 8 3 23.8411
3 1 8 4 24.687
3 1 8 5 23.1903
3 1 8 6 22.9795
3 1 8 7 24.1013
3 1 8 8 23.5266
3 1 8 9 23.3572
3 1 8 10 23.3278
3 1 8 11 24.1363
3 1 8 12 23.1097
3 1 8 13 23.7084
3 1 8 14 23.5974
3 1 8 15 23.2455
3 1 8 16 23.3703
3 1 8 17 23.241
3 1 8 18 23.6897
3 1 8 19 23.7316
3 1 8 20 23.3867
3 1 8 21 23.1249
3 1 8 22 23.1981
3 1 8 23 23.4678
3 1 9 0 22.9961
3 1 9 1 23.372
3 1 9 2 23.8873
3 1 9 3 25.9428
3 1 9 4 23.4983
3 1 9 5 23.6973
3 1 9 6 23.4909
3 1 9 7 23.6842
3 1 9 8 24.3456
3 1 9 9 23.4335
3 1 9 10 23.1761
3 1 9 11 23.0524
3 1 9 12 23.9454
3 1 9 13 23.4886
3 1 9 14 24.2617
3 1 9 15 23.8725
3 1 9 16 22.9968
3 1 9 17 24.0189
3 1 9 18 23.6501
3 1 9 19 23.1714
3 1 9 20 23.6126
3 1 9 21 24.1357
3 1 9 22 23.6328
3 1 9 23 23.7659
3 1 10 0 24.1901
3 1 10 1 23.4203
3 1 10 2 24.7623
3 1 10 3 23.8771
3 1 10 4 23.7331
3 1 10 5 22.5283
3 1 10 6 23.4454
3 1 10 7 23.5069
3 1 10 8 22.8143
3 1 10 9 23.2327
3 1 10 10 22.5887
3 1 10 11 22.4628
3 1 10 12 21.9944
3 1 10 13 22.2569
3 1 10 14 22.6997
3 1 10 15 22.2186
3 1 10 16 24.5567
3 1 10 17 22.9352
3 1 10 18 22.3114
3 1 10 19 23.1408
3 1 10 20 22.4147
3 1 10 21 21.5749
3 1 10 22 22.8559
3 1 10 23 23.3946
4 0 0 0 22.8249
4 0 0 1 23.1746
4 0 0 2 22.5236
4 0 0 3 22.1128
4 0 0 4 22.4432
4 0 0 5 22.0904
4 0 0 6 22.1448
4 0 0 7 22.7887
4 0 0 8 21.8472
4 0 0 9 22.3962
4 0 0 10 22.3592
4 0 0 11 22.3797
4 0 0 12 21.759
4 0 0 13 22.3831
4 0 0 14 22.7112
4 0 0 15 23.0372
4 0 0 16 23.0661
4 0 0 17 22.4564
4 0 0 18 22.8914
4 0 0 19 22.3714
4 0 0 20 22.8861
4 0 0 21 22.5699
4 0 0 22 22.1623
4 0 0 23 22.4606
4 0 1 0 24.1389
4 0 1 1 23.3383
4 0 1 2 22.9483
4 0 1 3 23.5092
4 0 1 4 22.8965
4 0 1 5 22.2969
4 0 1 6 23.816
4 0 1 7 23.5158
4 0 1 8 22.9274
4 0 1 9 22.7602
4 0 1 10 23.779
4 0 1 11 23.2844
4 0 1 12 23.0977
4 0 1 13 23.3036
4 0 1 14 23.1877
4 0 1 15 24.5085
4 0 1 16 23.6222
4 0 1 17 23.4451
4 0 1 18 22.3497
4 0 1 19 22.3325
4 0 1 20 23.3968
4 0 1 21 23.4718
4 0 1 22 24.2895
4 0 1 23 23.4062
4 0 2 0 24.1657
4 0 2 1 23.1369
4 0 2 2 23.7109
4 0 2 3 22.8685
4 0 2 4 22.1173
4 0 2 5 23.3223
4 0 2 6 23.6998
4 0 2 7 23.8459
4 0 2 8 23.6718
4 0 2 9 24.0607
4 0 2 10 23.144
4 0 2 11 23.6688
4 0 2 12 23.3552
4 0 2 13 22.6473
4 0 2 14 23.6499
4 0 2 15 23.6049
4 0 2 16 24.5624
4 0 2 17 22.9712
4 0 2 18 23.7878
4 0 2 19 23.181
4 0 2 20 24.055
4 0 2 21 22.4958
4 0 2 22 23.4329
4 0 2 23 23.6902
4 0 3 0 23.2714
4 0 3 1 23.3781
4 0 3 2 23.3569
4 0 3 3 22.9871
4 0 3 4 22.7162
4 0 3 5 23.5521
4 0 3 6 23.2599
4 0 3 7 22.9576
4 0 3 8 23.9351
4 0 3 9 23.6242
4 0 3 10 23.4419
4 0 3 11 23.7445
4 0 3 12 23.9949
4 0 3 13 23.1487
4 0 3 14 23.1911
4 0 3 15 23.2734
4 0 3 16 23.2561
4 0 3 17 23.2463
4 0 3 18 23.6099
4 0 3 19 22.7496
4 0 3 20 23.2081
4 0 3 21 23.3583
4 0 3 22 23.6625
4 0 3 23 24.0479
4 0 4 0 24.0779
4 0 4 1 24.4528
4 0 4 2 23.3401
4 0 4 3 23.7493
4 0 4 4 23.8868
4 0 4 5 23.9176
4 0 4 6 23.8587
4 0 4 7 23.3109
4 0 4 8 23.7099
4 0 4 9 23.4572
4 0 4 10 24.2255
4 0 4 11 23.4905
4 0 4 12 24.0454
4 0 4 13 23.6579
4 0 4 14 24.088
4 0 4 15 24.2322
4 0 4 16 23.8408
4 0 4 17 24.1667
4 0 4 18 23.015
4 0 4 19 23.2366
4 0 4 20 23.7696
4 0 4 21 23.0972
4 0 4 22 23.1821
4 0 4 23 23.8465
4 0 5 0 24.1774
4 0 5 1 23.2434
4 0 5 2 23.2543
4 0 5 3 23.4737
4 0 5 4 24.0078
4 0 5 5 23.9495
4 0 5 6 23.8032
4 0 5 7 24.0996
4 0 5 8 23.521
4 0 5 9 23.7779
4 0 5 10 24.1237
4 0 5 11 23.5575
4 0 5 12 24.8578
4 0 5 13 23.3862
4 0 5 14 23.4922
4 0 5 15 24.2918
4 0 5 16 23.3599
4 0 5 17 24.2683
4 0 5 18 23.6126
4 0 5 19 23.6453
4 0 5 20 24.4408
4 0 5 21 24.0132
4 0 5 22 24.408
4 0 5 23 23.8592
4 0 6 0 23.366
4 0 6 1 23.104
4 0 6 2 24.6492
4 0 6 3 23.2435
4 0 6 4 23.2165
4 0 6 5 24.4173
4 0 6 6 23.983
4 0 6 7 24.5566
4 0 6 8 24.0572
4 0 6 9 23.3619
4 0 6 10 24.3717
4 0 6 11 23.6454
4 0 6 12 24.7244
4 0 6 13 23.695
4 0 6 14 24.3171
4 0 6 15 23.4565
4 0 6 16 23.5228
4 0 6 17 23.9743
4 0 6 18 24.7759
4 0 6 19 25.1592
4 0 6 20 24.3037
4 0 6 21 24.5996
4 0 6 22 23.9474
4 0 6 23 24.339
4 0 7 0 23.4382
4 0 7 1 23.0819
4 0 7 2 24.7241
4 0 7 3 22.6864
4 0 7 4 23.8267
4 0 7 5 23.9786
4 0 7 6 24.0992
4 0 7 7 24.1836
4 0 7 8 24.0921
4 0 7 9 24.5494
4 0 7 10 24.2162
4 0 7 11 23.933
4 0 7 12 24.189
4 0 7 13 24.0845
4 0 7 14 23.7775
4 0 7 15 23.1964
4 0 7 16 23.7045
4 0 7 17 24.8199
4 0 7 18 24.7709
4 0 7 19 25.0117
4 0 7 20 24.8183
4 0 7 21 22.5559
4 0 7 22 23.9583
4 0 7 23 24.2247
4 0 8 0 23.8706
4 0 8 1 23.1715
4 0 8 2 24.1681
4 0 8 3 23.553
4 0 8 4 24.0018
4 0 8 5 23.6485
4 0 8 6 24.4605
4 0 8 7 24.5515
4 0 8 8 23.4152
4 0 8 9 24.6119
4 0 8 10 23.8957
4 0 8 11 23.3788
4 0 8 12 24.1567
4 0 8 13 24.1216
4 0 8 14 24.5088
4 0 8 15 23.8444
4 0 8 16 23.6501
4 0 8 17 23.9003
4 0 8 18 24.0052
4 0 8 19 25.3032
4 0 8 20 24.5442
4 0 8 21 23.9111
4 0 8 22 23.7997
4 0 8 23 24.9546
4 0 9 0 23.0639
4 0 9 1 24.1713
4 0 9 2 24.0317
4 0 9 3 23.6494
4 0 9 4 23.9193
4 0 9 5 23.9858
4 0 9 6 23.4145
4 0 9 7 24.8318
4 0 9 8 23.3914
4 0 9 9 23.3994
4 0 9 10 23.9592
4 0 9 11 23.226
4 0 9 12 23.6389
4 0 9 13 24.4664
4 0 9 14 22.7836
4 0 9 15 22.9701
4 0 9 16 23.3447
4 0 9 17 23.145
4 0 9 18 24.8209
4 0 9 19 23.4298
4 0 9 20 24.6916
4 0 9 21 23.9062
4 0 9 22 23.657
4 0 9 23 26.9106
4 0 10 0 24.1855
4 0 10 1 23.7284
4 0 10 2 24.2025
4 0 10 3 23.0842
4 0 10 4 24.2242
4 0 10 5 23.7168
4 0 10 6 23.0912
4 0 10 7 22.9188
4 0 10 8 23.1835
4 0 10 9 24.2925
4 0 10 10 23.9461
4 0 10 11 23.1963
4 0 10 12 23.8882
4 0 10 13 23.934
4 0 10 14 24.0828
4 0 10 15 23.613
4 0 10 16 23.5185
4 0 10 17 22.2923
4 0 10 18 23.6007
4 0 10 19 23.7771
4 0 10 20 23.2704
4 0 10 21 23.3476
4 0 10 22 25.5801
4 0 10 23 23.7631
4 1 0 0 22.2522
4 1 0 1 22.0068
4 1 0 2 22.2007
4 1 0 3 22.2661
4 1 0 4 22.1414
4 1 0 5 22.2861
4 1 0 6 22.3911
4 1 0 7 21.8605
4 1 0 8 22.3557
4 1 0 9 22.3323
4 1 0 10 21.8961
4 1 0 11 22.0818
4 1 0 12 22.6279
4 1 0 13 22.2987
4 1 0 14 22.7628
4 1 0 15 0
4 1 0 16 22.3172
4 1 0 17 21.7251
4 1 0 18 22.4714
4 1 0 19 22.3528
4 1 0 20 22.4855
4 1 0 21 22.3525
4 1 0 22 22.0692
4 1 0 23 22.2659
4 1 1 0 23.6559
4 1 1 1 23.3816
4 1 1 2 23.685
4 1 1 3 23.2282
4 1 1 4 23.4152
4 1 1 5 23.319
4 1 1 6 23.3373
4 1 1 7 23.382
4 1 1 8 23.52
4 1 1 9 23.1558
4 1 1 10 23.5438
4 1 1 11 23.891
4 1 1 12 23.0964
4 1 1 13 24.2166
4 1 1 14 23.8512
4 1 1 15 23.4019
4 1 1 16 23.8323
4 1 1 17 23.5874
4 1 1 18 23.4284
4 1 1 19 23.7018
4 1 1 20 23.7295
4 1 1 21 22.6618
4 1 1 22 23.2483
4 1 1 23 24.1034
4 1 2 0 23.3111
4 1 2 1 23.8805
4 1 2 2 23.0523
4 1 2 3 23.5079
4 1 2 4 23.4912
4 1 2 5 23.1946
4 1 2 6 23.3884
4 1 2 7 23.3077
4 1 2 8 23.547
4 1 2 9 24.0283
4 1 2 10 23.9393
4 1 2 11 23.5162
4 1 2 12 23.3547
4 1 2 13 24.2246
4 1 2 14 23.3412
4 1 2 15 23.9679
4 1 2 16 23.3069
4 1 2 17 23.2006
4 1 2 18 23.067
4 1 2 19 23.7658
4 1 2 20 23.7139
4 1 2 21 23.413
4 1 2 22 24.3341
4 1 2 23 26.0674
4 1 3 0 24.5289
4 1 3 1 23.9129
4 1 3 2 22.679
4 1 3 3 23.0871
4 1 3 4 23.7557
4 1 3 5 23.5599
4 1 3 6 23.494
4 1 3 7 23.374
4 1 3 8 22.7527
4 1 3 9 23.4314
4 1 3 10 23.1857
4 1 3 11 23.7072
4 1 3 12 23.7052
4 1 3 13 23.3617
4 1 3 14 22.9639
4 1 3 15 23.4562
4 1 3 16 23.5094
4 1 3 17 23.7225
4 1 3 18 23.2355
4 1 3 19 22.783
4 1 3 20 23.53
4 1 3 21 23.2539
4 1 3 22 23.512
4 1 3 23 23.1267
4 1 4 0 23.6047
4 1 4 1 23.2945
4 1 4 2 23.9135
4 1 4 3 23.5931
4 1 4 4 22.8403
4 1 4 5 23.0666
4 1 4 6 23.2085
4 1 4 7 23.1948
4 1 4 8 23.1855
4 1 4 9 23.9598
4 1 4 10 23.124
4 1 4 11 23.8402
4 1 4 12 23.964
4 1 4 13 24.0644
4 1 4 14 0
4 1 4 15 23.2827
4 1 4 16 23.5562
4 1 4 17 23.4732
4 1 4 18 23.3431
4 1 4 19 22.4192
4 1 4 20 23.3771
4 1 4 21 23.8178
4 1 4 22 23.7033
4 1 4 23 23.4029
4 1 5 0 23.8632
4 1 5 1 22.7193
4 1 5 2 23.3922
4 1 5 3 23.6089
4 1 5 4 24.1864
4 1 5 5 23.524
4 1 5 6 22.5267
4 1 5 7 23.6053
4 1 5 8 23.5968
4 1 5 9 23.7333
4 1 5 10 23.0002
4 1 5 11 23.9583
4 1 5 12 23.4807
4 1 5 13 23.8292
4 1 5 14 23.4447
4 1 5 15 23.1068
4 1 5 16 23.5876
4 1 5 17 23.1374
4 1 5 18 23.7362
4 1 5 19 23.3918
4 1 5 20 23.5979
4 1 5 21 23.2134
4 1 5 22 23.4106
4 1 5 23 23.3534
4 1 6 0 23.0013
4 1 6 1 24.0868
4 1 6 2 23.3348
4 1 6 3 23.1154
4 1 6 4 23.2533
4 1 6 5 24.5546
4 1 6 6 23.1072
4 1 6 7 23.228
4 1 6 8 23.3134
4 1 6 9 23.462
4 1 6 10 23.2693
4 1 6 11 24.0767
4 1 6 12 23.4892
4 1 6 13 24.1383
4 1 6 14 22.9709
4 1 6 15 23.3034
4 1 6 16 23.7434
4 1 6 17 23.0014
4 1 6 18 24.2961
4 1 6 19 22.915
4 1 6 20 23.3143
4 1 6 21 23.0588
4 1 6 22 22.8551
4 1 6 23 24.3284
4 1 7 0 23.1449
4 1 7 1 24.9658
4 1 7 2 22.8004
4 1 7 3 23.9405
4 1 7 4 22.8898
4 1 7 5 23.1938
4 1 7 6 23.9419
4 1 7 7 23.7884
4 1 7 8 23.6764
4 1 7 9 23.5611
4 1 7 10 23.5621
4 1 7 11 23.6848
4 1 7 12 24.1027
4 1 7 13 23.2131
4 1 7 14 24.2782
4 1 7 15 23.7179
4 1 7 16 22.7886
4 1 7 17 22.8282
4 1 7 18 22.993
4 1 7 19 23.5565
4 1 7 20 24.2166
4 1 7 21 0
4 1 7 22 25.3266
4 1 7 23 23.3576
4 1 8 0 24.0101
4 1 8 1 24.4627
4 1 8 2 23.7059
4 1 8 3 24.0064
4 1 8 4 22.7612
4 1 8 5 23.5569
4 1 8 6 24.1641
4 1 8 7 23.9483
4 1 8 8 23.564
4 1 8 9 23.2348
4 1 8 10 23.2037
4 1 8 11 24.1515
4 1 8 12 23.9975
4 1 8 13 23.7743
4 1 8 14 24.4555
4 1 8 15 23.4609
4 1 8 16 23.04
4 1 8 17 23.244
4 1 8 18 23.4531
4 1 8 19 23.9788
4 1 8 20 22.6826
4 1 8 21 23.3217
4 1 8 22 23.7442
4 1 8 23 24.2369
4 1 9 0 22.4606
4 1 9 1 23.1791
4 1 9 2 24.0423
4 1 9 3 22.592
4 1 9 4 23.0656
4 1 9 5 23.586
4 1 9 6 23.4382
4 1 9 7 23.0935
4 1 9 8 23.6356
4 1 9 9 22.1189
4 1 9 10 23.0818
4 1 9 11 24.2397
4 1 9 12 23.5919
4 1 9 13 21.8285
4 1 9 14 23.3191
4 1 9 15 23.6162
4 1 9 16 24.4372
4 1 9 17 23.6783
4 1 9 18 23.0596
4 1 9 19 22.5003
4 1 9 20 24.4839
4 1 9 21 23.2961
4 1 9 22 24.0329
4 1 9 23 23.9739
4 1 10 0 22.4659
4 1 10 1 23.5283
4 1 10 2 22.6553
4 1 10 3 22.2867
4 1 10 4 22.2441
4 1 10 5 22.8277
4 1 10 6 23.2305
4 1 10 7 22.2361
4 1 10 8 22.8891
4 1 10 9 0
4 1 10 10 21.7388
4 1 10 11 21.6283
4 1 10 12 21.8888
4 1 10 13 21.9795
4 1 10 14 22.7504
4 1 10 15 22.3344
4 1 10 16 22.7698
4 1 10 17 22.7113
4 1 10 18 21.5931
4 1 10 19 23.0864
4 1 10 20 22.6498
4 1 10 21 23.6406
4 1 10 22 23.6221
4 1 10 23 23.5271
